   1   0.1260  1.000  0.020 4.0 3.0
     2   3   8   9  11  21  25  75  23  24  10
   1  -0.4630  1.850  0.120 4.0 3.0
     2   3   8   9  11  21  25  75  23  24  10
   4   0.1260  1.000  0.020 2.0 3.0
     8  21  23  75  22   6   7
   5   0.0350  1.800  0.060 4.0 2.0
     8   9  12  12  14  21  27  75  11  13
   6   0.0480  1.375  0.038 3.0 3.0
     8   9  11  21  25  75  23  24  10
   7  -0.0980  1.800  0.060 2.0 2.0
     8   9  25  75  23  24
  10  -0.0300  1.850  0.120 1.0 1.0
    23  75  22
  11  -0.0020  1.850  0.120 1.0 0.0
    22  75
  12   0.0640  1.375  0.038 1.0 0.0
    22  75
  13  -0.0020  1.850  0.120 1.0 0.0
    22  75
  14   0.0640  1.375  0.038 1.0 0.0
    22  75
  15  -0.2640  1.850  0.120 1.0 0.0
    22  75
  16   0.1020  1.375  0.038 1.0 0.0
    22  75
  17  -0.2640  1.850  0.120 1.0 0.0
    22  75
  18   0.1020  1.375  0.038 1.0 0.0
    22  75
  19   0.4620  1.850  0.120 1.0 0.0
    22  75
  20  -0.5280  1.650  0.150 1.0 0.0
    22  75
  21   0.3340  1.000  0.020 1.0 0.0
    22  75
  22   0.6160  1.850  0.120 2.0 1.0
    27  28  30  75  29
  23  -0.5040  1.600  0.200 1.0 0.0
    27  75
  24  -0.4630  1.750  0.160 2.0 2.0
    27  28  32  75  30  31
  25   0.1260  1.000  0.020 2.0 1.0
    27  28  30  75  29
  26   0.0350  1.800  0.060 2.0 0.0
    27  28  34  75
  29   0.6160  1.850  0.120 2.0 1.0
    34  35  37  75  36
  30  -0.5040  1.600  0.200 1.0 0.0
    34  75
  31  -0.4630  1.750  0.160 2.0 2.0
    34  35  39  75  37  38
  32   0.1260  1.000  0.020 2.0 1.0
    34  35  37  75  36
  33   0.0350  1.800  0.060 2.0 0.0
    34  35  41  75
  36   0.6160  1.850  0.120 2.0 3.0
    43  55  57  75  56  41  42
  37  -0.5040  1.600  0.200 1.0 0.0
    41  75
  38  -0.4630  1.750  0.160 3.0 3.0
    43  44  46  55  59  75  57  58  45
  39   0.1260  1.000  0.020 2.0 3.0
    43  55  57  75  56  41  42
  40   0.0350  1.800  0.060 4.0 2.0
    43  44  47  47  49  55  61  75  46  48
  41   0.0480  1.375  0.038 3.0 3.0
    43  44  46  55  59  75  57  58  45
  42  -0.1000  1.800  0.060 2.0 2.0
    43  44  59  75  57  58
  45  -0.1000  1.850  0.120 1.0 1.0
    57  75  56
  46  -0.1500  1.850  0.120 1.0 0.0
    56  75
  47   0.1500  1.375  0.038 1.0 0.0
    56  75
  48  -0.1500  1.850  0.120 1.0 0.0
    56  75
  49   0.1500  1.375  0.038 1.0 0.0
    56  75
  50  -0.1500  1.850  0.120 1.0 0.0
    56  75
  51   0.1500  1.375  0.038 1.0 0.0
    56  75
  52  -0.1500  1.850  0.120 1.0 0.0
    56  75
  53   0.1500  1.375  0.038 1.0 0.0
    56  75
  54  -0.1500  1.850  0.120 1.0 0.0
    56  75
  55   0.1500  1.375  0.038 1.0 0.0
    56  75
  56   0.6160  1.850  0.120 2.0 3.0
    63  72  74  75  73  61  62
  57  -0.5040  1.600  0.200 1.0 0.0
    61  75
  58  -0.4630  1.750  0.160 3.0 2.0
    63  64  66  72  75  75  74  65
  59   0.1260  1.000  0.020 2.0 3.0
    63  72  74  75  73  61  62
  60   0.0350  1.800  0.060 4.0 1.0
    63  64  66  67  69  72  75  75  68
  61   0.0480  1.375  0.038 3.0 2.0
    63  64  66  72  75  75  74  65
  62  -0.1510  1.800  0.060 4.0 2.0
    63  64  66  67  70  72  75  75  74  69
  65  -0.0540  1.800  0.060 3.0 1.0
    66  67  70  72  74  75  73
  68   0.7370  2.000  0.200 1.0 0.0
    70  75
  69  -0.1340  1.800  0.060 1.0 0.0
    70  75
  73   0.6160  1.850  0.120 1.0 0.0
    75  75
  74  -0.5040  1.600  0.200 1.0 0.0
    75  75
   1   5   6 582
   5  22  23 582
  24  26  23 582
  26  29  30 582
  31  33  30 582
  33  36  37 582
  38  40  41 582
  40  56  57 582
  58  60  61 582
  60  73  74 582
   4  30  7557  2385
   4  37  7557  2385
   4  57  7557  2385
   4  74  7557  2385
  23  32  7557  2385
  23  39  7557  2385
  23  59  7557  2385
  25  37  7557  2385
  25  57  7557  2385
  25  74  7557  2385
  30  39  7557  2385
  30  59  7557  2385
  32  57  7557  2385
  32  74  7557  2385
  37  59  7557  2385
  39  74  7557  2385
