-116.200000,-0.002265,0.164652
-131.800000,0.094307,0.560011
-141.880000,-0.028357,-0.225027
-142.790000,0.334177,-0.074576
-86.580000,1.260859,-0.773580
-121.510000,-0.820308,0.120748
-114.890000,0.088903,-0.369253
-127.680000,0.400049,0.983564
-138.660000,0.308287,-0.423369
-134.770000,0.387539,-1.074990
-112.500000,0.048830,1.139171
-135.890000,-0.525688,-1.015535
-130.020000,-0.902809,0.629301
-124.060000,1.021172,0.023340
-135.500000,-0.310076,0.838083
-140.750000,0.419671,0.982066
-129.380000,-0.601425,-0.551472
-126.200000,0.700010,0.606943
-120.170000,1.036474,-0.259037
-134.700000,-0.349868,-0.421945
-133.360000,-0.520421,-0.244508
-66.740000,-0.299049,-0.891477
-119.990000,0.074797,-0.129079
-121.880000,-0.822809,0.413004
-84.740000,0.870846,-1.089962
-110.080000,-0.056586,0.671159
-132.910000,-0.343265,-0.292102
-113.220000,-1.515848,-0.342410
-131.170000,-0.781444,1.802378
-130.130000,1.145888,-0.392138
-121.300000,0.440850,-0.297722
-123.820000,-0.714333,0.436992
-128.760000,-0.136636,-1.259705
-123.330000,-0.068172,-1.656520
-78.430000,-0.451476,-0.867384
-137.260000,1.243419,0.219264
-122.160000,-0.915173,1.130910
-77.670000,-0.839711,-0.325293
-120.130000,-0.640914,0.119910
-131.350000,-0.392278,-0.657211
-122.680000,-0.181587,0.571793
-72.710000,-1.266710,-0.794994
-123.330000,-0.574107,1.051508
-139.230000,-0.506077,-0.535099
-123.340000,0.852679,-0.450621
-68.370000,-0.670811,0.381498
-118.700000,0.077943,0.217811
-121.470000,-0.624495,0.887714
-137.430000,-0.487133,-0.416571
-118.610000,-0.380849,0.572200
-114.880000,0.547386,1.366881
-129.700000,-0.374672,-0.807651
-120.470000,0.228769,1.385542
-111.000000,0.448554,-0.916504
-127.850000,-1.125271,0.431963
-116.350000,0.131553,-0.141176
-114.960000,0.017017,-1.473499
-116.490000,0.541990,-0.210339
-100.040000,0.730972,1.245326
-67.200000,0.705860,-0.089239
-121.970000,0.160226,0.296708
-114.700000,-0.952119,0.365219
-121.450000,1.062867,1.070333
-125.410000,0.378937,0.089719
-136.720000,0.332515,0.254429
-111.970000,-1.030063,-0.626370
-135.320000,0.694125,0.011657
-92.250000,-0.639960,0.656252
-129.680000,-1.203981,0.577244
-118.380000,1.157652,0.285339
-118.460000,-0.163536,1.203894
-113.530000,0.313462,0.896969
-122.760000,-0.677366,-1.055724
-114.560000,0.858486,-0.088746
-120.700000,-0.015815,-1.246628
-107.490000,-0.209239,-0.207733
-122.210000,0.510224,0.525620
-125.420000,-0.774385,-1.033717
-139.530000,0.096094,0.056841
-128.710000,-1.434998,-0.236165
-117.210000,-0.104161,1.837315
-95.230000,-1.687070,-0.975666
-138.490000,-0.088734,0.085692
-141.100000,0.065789,-0.129998
-135.580000,0.698146,-0.055056
-123.100000,0.669988,0.535384
-131.810000,0.182504,0.283766
-138.780000,-0.018428,-0.063796
-116.110000,-0.655716,-0.117415
-135.010000,-0.293032,0.023810
-128.530000,-0.469780,-0.697436
-124.010000,0.988874,-0.970530
-123.170000,-0.478922,-0.089232
-137.060000,0.962173,-0.097243
-119.110000,-0.196270,-0.626350
-67.430000,0.095974,0.079022
-120.890000,1.275874,-0.590609
-121.050000,-0.966668,1.027678
-138.110000,1.042749,0.457436
-117.980000,-0.517205,-1.447316
-129.270000,0.701547,0.417202
-125.970000,-0.318747,-0.443681
-135.000000,1.411172,1.000859
-132.520000,-0.072290,0.436583
-132.340000,0.370159,-0.944724
-124.020000,-0.927587,-0.748007
-127.290000,-0.104592,0.568551
-126.600000,-1.041933,-0.569871
-136.990000,-1.285318,-0.566871
-105.720000,0.510283,-0.145803
-112.560000,-0.873762,-0.048954
-136.040000,-0.032818,-0.931748
-121.770000,1.177129,1.218869
-81.470000,-0.552886,0.663508
-134.580000,-1.230889,-0.186250
-133.490000,0.235571,0.957280
-129.160000,0.468717,0.205886
-111.500000,-0.812061,0.658587
-115.040000,1.103756,-0.080154
-133.180000,-0.578592,0.339523
-141.320000,0.023227,0.375277
-131.900000,0.118929,-0.623605
-126.570000,-1.510969,-0.627963
-83.190000,1.427229,-0.311306
-94.900000,0.631354,0.633938
-135.760000,-0.726571,0.353500
-115.380000,-0.520047,1.150871
-132.370000,1.122794,0.815540
-131.300000,0.309877,-0.072909
-128.460000,0.012142,0.303232
-125.920000,-0.295119,-0.008126
-77.050000,-0.740180,0.481831
-116.570000,-0.459447,0.734128
-135.090000,0.620414,0.045273
-98.090000,0.113422,-0.203402
-132.910000,0.422472,-0.039338
-128.100000,0.221572,-0.682937
-81.290000,-0.662140,-0.440860
-138.840000,-0.058593,-1.510747
-89.750000,0.082550,-0.575602
-122.690000,0.136508,0.443528
-140.400000,-0.379429,0.297353
-108.820000,-0.713864,0.084672
-111.480000,-0.982671,-0.433217
-73.370000,-0.836054,0.101208
-123.820000,0.251886,-0.317828
-133.580000,1.197480,1.371067
-89.210000,-1.153115,-1.636322
-109.820000,0.060294,-0.641116
-120.530000,0.049415,-0.450534
-139.060000,-0.329867,-0.830447
-131.070000,0.398944,1.230899
-126.250000,-0.094729,0.723973
-131.360000,0.498426,-0.582037
-123.030000,-0.499369,-0.919959
-115.800000,-0.337081,-0.488142
-60.840000,0.846350,0.059722
-129.860000,-1.042883,-0.062031
-109.490000,-0.504137,-1.204778
-122.420000,-1.249661,0.455917
-136.430000,-1.415712,0.138916
-131.380000,1.131232,0.261499
-98.420000,-0.093564,-0.092493
-111.460000,-0.888397,-0.219105
-131.680000,0.271477,0.225859
-123.640000,-1.252743,0.953924
-115.060000,0.310811,-0.384337
-129.360000,-0.011554,-0.140151
-139.820000,0.611222,0.641010
-106.830000,-0.469343,-0.293924
-133.350000,-0.834507,-1.284732
-106.890000,1.169404,0.437200
-114.650000,0.468967,-0.295756
-132.420000,0.497496,0.675448
-134.360000,-0.252229,0.950848
-132.830000,-0.660615,-0.408363
-129.010000,0.681318,-0.584208
-133.690000,-1.036813,-0.247160
-122.640000,-0.901181,-0.092821
-110.160000,0.377085,-1.567601
-106.690000,-0.193870,-0.992280
-139.680000,-1.251843,0.056349
-121.570000,0.087420,-1.056902
-71.330000,0.986785,-0.481072
-108.430000,-1.172332,0.344564
-108.870000,-1.250313,-0.878350
-111.310000,1.103904,0.319047
-130.510000,0.224046,-0.380547
-120.250000,0.760157,-0.226721
-142.160000,-0.253200,0.708504
-127.010000,-0.007417,1.249468
-130.810000,-0.027550,0.216294
-130.330000,0.144408,0.749116
-111.270000,-1.513034,-0.287577
-133.260000,-0.094918,0.729724
-138.290000,-0.129650,-0.703948
-103.820000,-0.486344,0.639385
-118.190000,-0.345726,-1.120853
-123.740000,-0.459288,0.218865
-129.780000,0.210407,-0.195201
-117.450000,1.167668,-0.212831
-123.500000,0.042521,1.169484
-126.340000,0.740749,-0.290359
-124.320000,1.345106,-1.424492
-124.360000,0.558561,0.033044
-137.210000,-0.847221,0.165814
-130.130000,0.040350,0.515259
-104.060000,0.248131,0.119647
-118.200000,-1.681221,-0.586039
-139.550000,-1.832331,0.157295
-102.030000,0.408329,-0.371011
-100.560000,-0.400741,0.571337
-123.570000,0.445064,-0.753097
-123.500000,-0.107126,0.375984
-114.310000,0.590757,0.169662
-118.240000,-0.118267,-0.734615
-125.650000,-0.635043,-0.583274
-131.470000,-0.137435,1.303000
-123.580000,1.080371,-0.857537
-96.740000,0.350132,1.155891
-125.380000,-1.537777,-0.868600
-126.810000,0.123413,-1.319920
-119.150000,0.600999,0.391216
-131.070000,-0.139265,0.436514
-128.770000,-0.549418,-0.922806
-89.230000,-1.619578,-0.291875
-130.370000,-0.059963,-1.397134
-137.560000,-0.534383,0.214264
-140.350000,1.117427,-0.845455
-112.610000,0.190913,-1.200539
-136.700000,-0.475690,0.354163
-122.870000,-0.227161,-0.456997
-138.930000,2.318030,-0.386786
-113.010000,-0.740828,-0.378897
-109.040000,-0.525328,-0.145214
-132.220000,-1.092625,-0.177174
-119.890000,0.485968,-0.108789
-126.000000,-0.063736,-1.042226
-138.430000,-0.504884,0.748586
-130.610000,0.351697,0.661140
-121.370000,0.318447,0.127940
-137.100000,-0.149106,0.267763
-122.270000,0.226714,-0.292158
-140.260000,0.474112,-0.846324
-106.210000,1.055756,1.029055
-121.880000,-0.136160,0.586713
-137.150000,-0.357743,-0.709442
-117.150000,0.330748,0.453551
-121.550000,-0.641500,1.212803
-136.150000,0.215005,0.641912
-133.250000,0.670593,0.684040
-116.090000,0.043139,-0.173701
-132.310000,0.719255,-1.245344
-122.730000,-0.774053,1.889125
-123.870000,-1.405486,-0.998340
-126.420000,1.285211,0.208619
-78.650000,-0.172303,-0.099064
-129.150000,0.133534,-0.129686
-119.980000,-1.017385,0.587072
-95.980000,0.882402,-0.688917
-135.000000,-0.204180,-0.570809
-129.470000,0.163537,1.002445
-118.190000,0.957362,-0.443517
-132.370000,0.908335,0.119251
-128.520000,-0.357908,0.380448
-130.610000,-0.094797,1.636729
-125.750000,0.653734,-0.224890
-120.370000,0.957056,-0.103378
-126.460000,-0.903418,1.253049
-134.520000,-0.192237,-1.108867
-134.840000,0.510214,-0.277082
-135.400000,-0.879438,0.974683
-92.830000,0.957538,-0.783798
-133.150000,-0.838156,-0.135236
-125.560000,-0.147486,0.426602
-72.420000,-1.486722,-0.829536
-81.220000,0.046233,-0.548638
-135.860000,0.033560,1.129058
-121.750000,-0.549735,1.459743
-133.340000,0.822878,0.259509
-133.490000,0.145136,-1.890168
-116.660000,0.898069,0.333446
-136.820000,-1.781455,-1.370514
-140.640000,0.418724,-0.857366
-117.240000,0.029324,-0.532506
-129.080000,-0.448322,1.247089
-136.860000,0.534268,0.716457
-128.660000,-0.753714,-0.091079
-107.800000,1.127249,-0.375177
-134.890000,1.284082,-0.270600
-128.890000,-0.617971,0.524753
-122.190000,0.437531,-0.403739
-119.690000,-0.061852,0.498586
-114.150000,1.393790,-0.157152
-114.150000,-0.481314,-0.845863
-135.450000,-1.237458,0.014850
-140.550000,0.153062,-0.494036
-136.820000,-0.186621,-0.161475
-117.230000,-1.009704,-0.650236
-118.330000,0.226918,1.232479
-134.230000,0.810685,-1.164392
-131.870000,-1.445997,-0.332193
-117.890000,0.560976,1.090316
-112.880000,0.375528,0.590171
-129.890000,-0.445709,-0.182386
-130.140000,-0.624517,0.260288
-125.800000,-0.579815,-0.801624
-98.320000,0.532165,0.696162
-128.250000,0.802014,0.072362
-128.580000,1.227070,-0.313763
-94.480000,-0.426341,1.667403
-74.860000,1.095187,-0.718196
-131.310000,-1.030950,0.553507
-131.430000,0.303784,0.650299
-116.770000,0.288610,-1.212335
-131.360000,1.165692,-1.124636
-137.690000,0.528726,0.998197
-131.280000,0.413963,-0.189339
-138.430000,0.757401,-0.725534
-130.660000,0.090423,1.722408
-84.910000,0.311809,1.494555
-129.790000,0.027454,-0.887139
-118.670000,-1.887991,0.421526
-136.910000,-0.236008,0.955754
-122.410000,1.552686,0.679181
-88.930000,0.203391,0.121325
-115.860000,0.330473,-0.961514
-129.000000,-0.562054,0.739267
-129.300000,-0.333677,0.446231
-125.270000,-0.233872,-1.167962
-71.760000,0.609148,0.708547
-129.740000,-1.079634,1.321441
-141.270000,0.039950,-0.010447
-128.940000,-1.035189,0.105948
-118.170000,-0.233134,0.132566
-131.450000,0.551566,1.101092
-95.690000,-0.989483,0.671294
-108.950000,1.150781,-0.115668
-121.300000,-1.051515,0.542792
-127.370000,-1.485287,-0.153533
-125.600000,0.285456,-0.023452
-114.720000,-0.383352,-0.447051
-129.570000,-0.736382,0.380686
-123.720000,0.538259,-1.068983
-82.760000,2.328818,-0.017273
-135.930000,0.727867,-0.881370
-118.590000,-0.039427,-0.663264
-135.200000,-0.664406,-0.079342
-119.930000,0.871572,0.812330
-117.940000,-0.854360,-0.277934
-100.050000,-0.355176,0.400425
-122.860000,0.353136,0.311213
-136.580000,-0.156053,0.064963
-116.960000,-0.426085,0.317939
-128.570000,0.410546,1.973715
-103.960000,-0.541614,-0.695008
-120.170000,-1.274828,-1.010774
-128.490000,-0.057996,-1.312782
-120.100000,0.614518,0.050405
-123.510000,0.500933,0.567883
-123.940000,-1.228050,-0.088436
-128.000000,0.721294,-0.058262
-138.950000,-0.400142,0.020748
0.000000,0.462271,-0.113720
-113.400000,0.107697,-0.344479
-69.180000,-1.277167,1.309159
-113.860000,0.361102,0.973458
-133.590000,0.555281,0.024270
-112.560000,1.130513,-0.442167
-139.190000,0.317805,0.635385
-104.730000,-0.849007,0.470840
-117.010000,0.069832,-0.402324
-139.180000,1.059490,-0.670092
-118.880000,0.703659,-1.326083
-120.280000,1.192370,-0.087738
-122.810000,0.695336,-0.321035
-119.930000,0.212466,0.003993
-142.150000,-0.229373,-0.359056
-114.200000,0.721672,-0.124926
-131.860000,-0.808584,0.850357
-131.890000,1.672576,0.067784
-131.040000,-0.365084,0.504920
-130.410000,0.370794,-1.173763
-125.440000,-0.187701,-1.184192
-139.250000,-0.220207,-1.057760
-129.690000,0.741171,-0.538826
-99.470000,0.373696,0.272230
-132.250000,0.834056,-0.863693
-123.660000,-1.813107,1.116936
-128.600000,0.420785,-1.330014
-126.560000,0.456961,0.895155
-120.100000,0.380774,-0.217708
-133.460000,1.513815,-0.274540
-124.890000,0.548915,-0.093548
-141.070000,-0.326071,-0.452374
-127.010000,-0.589759,-0.750193
-134.390000,0.065965,0.364563
-65.390000,0.642656,1.449016
-137.520000,-0.390551,-1.031433
-114.430000,1.196362,0.881958
-69.510000,-0.539293,-0.792959
-140.460000,-0.382366,0.339463
-101.810000,-0.257125,-0.385819
-93.290000,0.460679,0.885653
-136.960000,-0.465689,-0.866393
-114.240000,0.234691,0.212281
-124.280000,0.599632,0.773028
-131.320000,-0.405241,0.610726
-137.190000,-1.069329,1.462751
-129.500000,-0.011067,1.548302
-110.800000,-0.025840,-0.522811
-136.550000,-0.046009,-1.483733
-107.560000,0.982516,0.147172
-70.420000,-0.456732,0.115648
-101.530000,-0.295212,-0.482289
-111.220000,-0.403112,0.857719
-74.310000,-0.715763,0.090701
-124.900000,0.407689,0.787182
-122.590000,1.011587,0.114082
-89.440000,0.534010,0.894708
-132.160000,-0.657911,-1.128675
-132.160000,-0.046565,0.653659
-122.370000,-0.997555,-0.737330
-131.320000,1.510579,0.878494
-133.760000,0.641442,0.125647
-66.460000,1.719957,0.335939
-115.360000,-0.427392,-0.838596
-126.560000,-0.859470,0.085310
-133.170000,1.134654,-0.559681
-133.590000,0.282356,0.190398
-132.660000,0.119057,0.425765
-68.470000,-1.004263,1.479593
-127.730000,1.254830,-0.583486
-76.850000,0.011044,-0.776565
-126.460000,0.325149,-0.131364
-128.490000,-0.726012,1.141887
-135.290000,0.480466,0.407644
-128.990000,0.309996,0.017155
-114.210000,-0.699434,0.555795
-123.950000,0.136888,0.213180
-78.360000,0.151338,-0.420652
-137.570000,-0.003227,0.065618
-86.510000,1.551033,1.097551
-108.500000,-0.535134,-0.514019
-139.050000,0.560292,0.672133
-123.930000,-0.567605,-0.070462
-139.700000,0.704313,-0.618046
-106.210000,0.502608,-0.687744
-141.270000,1.028564,0.724560
-131.840000,-0.158498,-0.241388
-113.240000,-0.192592,-0.083029
-131.520000,-0.401137,0.748027
-103.010000,0.520373,0.088764
-117.880000,-1.500706,-0.199286
-91.060000,-0.068227,0.111088
-137.500000,0.575350,0.182207
-121.140000,0.559139,-0.019922
-61.150000,-0.891154,-1.299418
-137.850000,0.382663,0.188607
-123.510000,0.135362,0.683631
-135.160000,0.803515,-0.024905
-123.580000,0.221841,-0.768046
-135.770000,-0.203225,0.495955
-113.060000,-1.067054,0.011707
-71.260000,0.235331,-0.301339
-126.400000,0.333524,0.717156
-107.230000,0.936433,-0.235297
-117.410000,0.215989,-0.409214
-108.910000,-0.710247,0.101670
-117.000000,-1.481380,0.008944
-129.330000,-0.573427,-0.106671
-126.430000,1.195731,-0.077198
-128.330000,-0.663503,0.411448
-135.320000,0.701113,-1.032998
-132.060000,1.353005,1.284200
-137.300000,0.480927,-0.502417
-121.130000,-0.882859,0.505871
-140.330000,0.432069,-0.205442
-131.890000,-0.462650,0.450266
-91.430000,0.518461,-0.055058
-117.800000,0.038974,0.092026
-134.870000,-1.025481,1.188452
-139.770000,-0.913044,1.806916
-130.800000,0.796147,-0.557665
-135.290000,-0.248261,0.232586
-127.300000,0.174430,0.201801
-135.690000,-0.533799,0.297630
-72.710000,-0.299016,-0.374514
-110.830000,-0.425172,0.494248
-132.810000,0.430924,-0.175729
-137.890000,-0.380095,-1.013595
-117.970000,0.552964,-0.678462
-119.330000,0.186634,0.329811
-88.190000,0.522325,-0.765398
-124.780000,0.722689,-0.942327
-134.890000,0.841061,1.188531
-98.470000,-0.724127,0.867563
-135.090000,0.495723,-0.556480
-101.350000,-0.754157,-0.026817
-116.660000,-0.884837,0.709644
-128.400000,-0.235441,-1.000852
-134.460000,0.107421,-1.188593
-97.120000,0.779171,0.843703
-138.170000,1.028384,0.622086
-126.690000,0.336135,-0.475963
-80.820000,-0.117047,-1.187096
-121.140000,-0.153760,0.355297
-128.540000,-0.529404,-0.924519
-127.600000,1.007535,-1.282574
-130.170000,0.051425,0.017953
-128.560000,0.963308,0.262022
-136.050000,-0.279115,0.379044
