1 -38.070000 2.904069 13.629464 185.762280
2 -5.350000 23.051207 17.071815 291.446860
3 -32.760000 3.048597 11.867204 140.830523
4 0.000000 21.908325 15.353760 235.737959
5 -34.650000 3.037034 13.338043 177.903383
6 -14.750000 12.586026 13.974346 195.282345
7 -20.950000 12.443941 10.940019 119.684005
8 -39.410000 7.100083 7.606919 57.865212
9 -12.430000 16.038337 11.539549 133.161193
10 -33.930000 7.903902 12.303702 151.381077
11 -7.800000 17.247012 14.953872 223.618280
12 -12.780000 12.617728 13.279269 176.338992
13 -34.960000 6.872633 12.791855 163.631561
14 0.000000 22.537337 18.423628 339.430067
15 -13.430000 15.275776 13.229549 175.020977
16 -38.570000 3.107725 8.320542 69.231421
17 -42.400000 3.102132 14.736493 217.164224
18 -42.430000 3.121513 5.313757 28.236018
19 -45.140000 2.972407 10.598814 112.334858
20 -41.340000 3.130011 11.988840 143.732287
21 -35.400000 7.376112 12.504798 156.369972
22 -37.950000 3.453514 8.953024 80.156643
23 -49.170000 5.379752 11.301271 127.718736
24 -35.710000 3.158297 9.396274 88.289962
25 -45.470000 3.700665 7.625723 58.151655
26 -14.920000 13.072629 16.709388 279.203637
27 -42.860000 3.042463 7.976483 63.624276
28 -42.880000 2.946776 10.124775 102.511062
29 -34.850000 2.934682 9.339564 87.227460
30 -37.530000 3.569940 12.889247 166.132677
31 -2.060000 16.712849 12.941293 167.477064
32 -40.010000 3.074763 12.225669 149.466979
33 -8.570000 10.923733 12.253059 150.137444
34 -7.890000 21.802063 15.815785 250.139048
35 -41.930000 3.064558 13.556389 183.775669
36 -40.340000 3.048534 12.285455 150.932415
37 0.000000 23.262466 18.635782 347.292384
38 0.000000 25.312086 19.832539 393.329588
39 -42.150000 2.923403 8.809697 77.610767
40 -6.770000 18.652737 17.306840 299.526705
41 -33.640000 3.049451 15.099743 228.002239
42 -1.710000 19.618689 15.502686 240.333286
43 -42.780000 2.995034 7.539274 56.840655
44 0.000000 15.977719 14.078153 198.194405
45 -38.900000 3.047499 14.983887 224.516860
46 -45.570000 3.079361 11.244594 126.440888
47 -35.430000 3.146768 9.982965 99.659587
48 -9.160000 17.097174 18.854251 355.482798
49 -39.010000 3.056888 10.077061 101.547164
50 -9.790000 12.266094 12.712876 161.617227
51 -49.620000 3.052632 9.298910 86.469730
52 -41.670000 3.003602 10.657027 113.572234
53 -42.380000 3.046957 10.759975 115.777063
54 0.000000 21.408745 14.764806 217.999507
55 -37.850000 2.983315 9.436421 89.046041
56 -46.300000 3.644193 7.639792 58.366422
57 -43.150000 3.582417 9.032899 81.593261
58 -14.280000 12.212818 14.256274 203.241354
59 -36.520000 3.098182 10.878855 118.349482
60 -38.910000 3.530120 14.054606 197.531954
61 -24.520000 6.876333 9.328068 87.012859
62 -41.220000 2.910732 11.004173 121.091819
63 -2.950000 13.167775 16.829501 283.232100
64 -41.810000 3.076675 12.429432 154.490771
65 -41.920000 3.053268 6.246320 39.016510
66 -23.990000 11.719197 8.248008 68.029638
67 -41.920000 3.078165 12.265670 150.446662
68 -16.700000 7.853824 10.375655 107.654224
69 -37.500000 3.062357 9.479729 89.865264
70 -38.440000 3.098257 8.464807 71.652953
71 -1.210000 19.601935 14.535196 211.271932
72 -46.830000 2.964871 7.757241 60.174785
73 -41.370000 3.058504 13.997943 195.942408
74 -15.040000 12.865770 15.553521 241.912023
75 -20.880000 7.470404 10.020249 100.405386
76 -1.090000 23.872485 18.000488 324.017551
77 -42.140000 5.297346 11.059098 122.303653
78 -7.110000 12.749528 13.176909 173.630921
79 -45.780000 3.844563 10.638831 113.184715
80 -8.660000 12.592735 15.175164 230.285587
81 -4.730000 19.560192 18.638183 347.381863
82 -4.530000 16.647124 12.059114 145.422234
83 -41.890000 2.905046 5.897674 34.782560
84 -3.580000 20.727419 18.350818 336.752526
85 -47.990000 2.968947 9.201767 84.672517
86 -26.240000 7.399880 11.446204 131.015590
87 -41.640000 3.059136 10.053470 101.072260
88 -3.980000 16.227907 15.270843 233.198638
89 0.000000 22.016280 16.767129 281.136621
90 -44.630000 3.611877 9.739355 94.855026
91 0.000000 30.539107 20.732965 429.855850
92 -54.370000 3.696072 4.864841 23.666675
93 -11.100000 18.446738 18.477594 341.421474
94 -0.270000 23.119424 18.302887 334.995666
95 -16.490000 11.351640 10.296874 106.025609
96 -38.780000 3.032354 11.808425 139.438904
97 -44.060000 3.496377 9.985438 99.708967
98 -31.380000 7.219226 14.661883 214.970811
99 -42.360000 3.132813 14.143156 200.028874
100 -7.150000 14.504222 11.145531 124.222872
101 0.000000 22.730035 15.213097 231.438314
102 -12.100000 12.219115 16.563114 274.336755
103 0.000000 7.725417 6.425254 41.283891
104 -48.550000 6.203683 9.894109 97.893395
105 -8.290000 15.089136 15.636256 244.492509
106 -6.380000 19.637206 15.570686 242.446278
107 -40.720000 5.025284 12.267143 150.482800
108 0.000000 20.043916 17.277071 298.497187
109 -34.110000 6.542288 7.019662 49.275660
110 -4.040000 20.170887 13.374750 178.883935
111 -33.230000 7.551048 11.060219 122.328454
112 -38.590000 3.679146 8.885930 78.959752
113 0.000000 16.830618 12.737338 162.239790
114 -19.450000 12.276955 10.692409 114.327603
115 -40.440000 6.320076 9.167164 84.036898
116 -34.020000 4.672154 13.233183 175.117129
117 -27.410000 7.123330 10.134567 102.709452
118 -45.740000 2.999976 11.669244 136.171254
119 -1.230000 23.955792 18.073954 326.667797
120 -15.660000 12.027037 13.243001 175.377080
121 -44.840000 3.107883 13.665814 186.754463
122 -42.330000 2.970176 7.194901 51.766597
123 -35.120000 7.267277 12.371737 153.059882
124 -13.260000 11.957002 13.425296 180.238563
125 -29.890000 7.830707 16.165248 261.315252
126 0.000000 24.335546 16.833144 283.354738
127 -9.080000 15.672449 16.260959 264.418803
128 -9.230000 14.186709 15.598694 243.319244
129 -5.070000 18.751144 14.043971 197.233118
130 -34.700000 7.795477 13.618284 185.457659
131 -28.580000 6.761777 12.125731 147.033357
132 -0.360000 21.066590 17.265046 298.081823
133 -45.350000 7.225558 13.178107 173.662502
134 -39.530000 2.896405 11.378188 129.463163
135 -38.620000 3.652524 12.199844 148.836187
136 -40.090000 4.447665 9.412517 88.595482
137 0.000000 22.108454 16.937337 286.873381
138 -32.330000 7.630505 12.646914 159.944439
139 -44.790000 3.018177 12.997334 168.930686
140 -27.250000 7.724246 12.990789 168.760608
141 -35.090000 6.923954 11.149740 124.316703
142 -49.620000 3.187435 13.625058 185.642215
143 -43.740000 3.561931 8.831862 78.001792
144 -36.560000 3.051143 11.586298 134.242292
145 -39.770000 3.097504 9.904053 98.090265
146 -2.440000 19.702293 13.726432 188.414934
147 -47.490000 3.822563 15.466510 239.212938
148 -49.950000 3.118168 10.064202 101.288162
149 -43.120000 2.943745 8.378966 70.207074
150 -1.290000 20.186631 15.308955 234.364103
151 -42.760000 3.051810 8.980716 80.653253
152 -41.730000 3.105165 7.766115 60.312539
153 -43.790000 3.086637 13.822288 191.055654
154 -2.950000 16.359208 12.742094 162.360963
155 -41.050000 7.126308 12.941706 167.487762
156 -10.330000 19.182226 15.005577 225.167341
157 -20.730000 9.170892 7.333684 53.782915
158 -7.490000 17.686284 11.713625 137.208999
159 -10.950000 11.993867 10.657444 113.581122
160 -23.640000 7.511507 11.275826 127.144254
161 -34.540000 5.360604 10.929423 119.452279
162 -52.290000 2.998516 12.502259 156.306479
163 -34.210000 3.698438 8.951007 80.120533
164 -36.220000 3.144382 11.524756 132.819997
165 -43.150000 2.987332 11.286923 127.394625
166 -39.060000 3.042539 12.137109 147.309425
167 -0.240000 21.713247 16.142024 260.564933
168 -34.480000 3.098157 11.155994 124.456192
169 -45.850000 3.586872 13.388007 179.238722
170 -17.990000 11.650319 16.406751 269.181466
171 -11.090000 11.629423 12.788496 163.545640
172 -10.700000 13.200027 11.412041 130.234683
173 -2.040000 23.948560 21.598281 466.485733
174 -13.240000 10.750010 12.437567 154.693078
175 -37.770000 3.378506 13.916784 193.676884
176 -28.060000 10.384164 14.568037 212.227716
177 -37.130000 3.039969 13.295250 176.763664
178 -42.510000 3.075394 13.680548 187.157399
179 -44.050000 2.869457 8.537064 72.881454
180 -43.300000 2.995950 15.319850 234.697791
181 -1.860000 17.386286 17.112502 292.837724
182 -33.230000 6.814198 10.490172 110.043710
183 -7.430000 17.881498 16.900640 285.631627
184 -39.910000 3.071982 12.298503 151.253171
185 -29.840000 7.165417 11.285692 127.366848
186 -41.550000 3.084923 5.193238 26.969719
187 -9.230000 19.445754 15.523462 240.977869
188 -25.250000 11.069550 11.037637 121.829427
189 -28.250000 6.400525 14.085689 198.406623
190 0.000000 13.699092 10.041874 100.839224
191 -42.820000 3.060516 14.251673 203.110185
192 -46.120000 3.103269 7.815103 61.075837
193 -37.150000 3.078837 9.269566 85.924857
194 -45.300000 3.064350 10.176558 103.562342
195 -38.870000 3.070874 9.134382 83.436927
196 -40.800000 3.143499 11.586497 134.246911
197 -41.760000 3.070663 12.724804 161.920649
198 -31.110000 3.714182 12.274259 150.657445
199 -41.200000 3.069227 9.433416 88.989347
200 -40.210000 4.423208 12.289658 151.035700
201 -36.650000 3.437384 12.352150 152.575616
202 -34.480000 3.054513 8.588086 73.755217
203 -14.520000 11.243350 13.007200 169.187242
204 -42.000000 3.056642 9.587331 91.916914
205 0.000000 22.350284 16.159590 261.132363
206 -41.090000 3.098551 10.647857 113.376859
207 -38.180000 3.062211 11.695463 136.783846
208 -40.930000 6.289449 11.384010 129.595692
209 -36.660000 3.047953 10.415189 108.476155
210 -2.680000 17.559558 15.297416 234.010927
211 -41.430000 4.993287 9.458181 89.457196
212 -40.340000 3.718676 12.298801 151.260512
213 -32.910000 6.806923 9.784437 95.735217
214 -39.080000 2.961711 8.680788 75.356088
215 -2.560000 18.772946 16.998491 288.948693
216 -43.300000 3.137897 13.317537 177.356786
217 -44.990000 3.111780 12.212168 149.137043
218 -36.920000 3.020696 9.303122 86.548085
219 -12.870000 17.502148 18.334937 336.169927
220 -1.610000 21.029214 15.445306 238.557492
221 -37.320000 3.102086 10.270028 105.473483
222 -46.580000 3.107614 12.709100 161.521220
223 0.000000 21.704554 14.782001 218.507547
224 -16.950000 12.735892 14.639854 214.325314
225 0.000000 20.385211 16.195970 262.309456
226 -0.900000 19.342213 13.985608 195.597218
227 -1.440000 19.592508 15.455470 238.871547
228 -27.040000 4.790196 11.443130 130.945221
229 -40.290000 3.095049 9.957598 99.153762
230 -8.840000 14.146325 13.555344 183.747343
231 -44.740000 3.185437 9.265328 85.846309
232 -35.800000 7.709758 11.477970 131.743801
233 -42.650000 2.897433 8.967479 80.415688
234 -43.940000 3.390224 14.850597 220.540229
235 0.000000 16.850579 11.028486 121.627495
236 -34.220000 8.273965 12.772214 163.129459
237 -32.970000 6.838163 10.193761 103.912770
238 -23.710000 10.994999 10.857527 117.885902
239 -37.550000 3.304493 8.231271 67.753827
240 -43.550000 3.104745 12.259588 150.297506
241 -0.930000 22.388292 17.978451 323.224714
242 -41.820000 6.607370 7.447388 55.463595
243 -37.960000 3.455403 10.405941 108.283610
244 -34.460000 7.604925 10.419927 108.574870
245 -41.080000 3.827706 11.485438 131.915279
246 -41.260000 6.763373 6.552158 42.930779
247 -37.740000 3.016028 11.019223 121.423265
248 -39.560000 3.008884 8.648261 74.792419
249 -18.180000 9.174014 14.142043 199.997371
250 -36.640000 3.139219 11.892005 141.419793
251 -37.890000 3.115830 9.109812 82.988666
252 -44.120000 5.760001 11.888724 141.341759
253 0.000000 23.790090 16.033346 257.068171
254 -22.870000 8.608409 6.915226 47.820355
255 -30.970000 7.845094 14.363166 206.300539
256 -49.310000 3.050623 11.303853 127.777099
257 -21.550000 7.890291 10.066402 101.332457
258 -40.750000 2.981355 11.289027 127.442126
259 -39.170000 3.096464 13.492665 182.052007
260 -4.420000 21.388794 18.227656 332.247443
261 -43.210000 3.190536 13.368400 178.714112
262 -40.180000 3.787028 11.962975 143.112762
263 0.000000 17.271517 14.978478 224.354793
264 -43.370000 3.215973 12.226204 149.480074
265 -32.920000 3.810306 9.301172 86.511806
266 -39.170000 7.148841 15.273046 233.265930
267 -29.640000 7.257957 12.241044 149.843167
268 -42.000000 3.113482 11.673193 136.263438
269 -18.690000 11.069688 12.709173 161.523072
270 -46.010000 3.827922 8.452983 71.452928
271 -11.570000 15.405481 11.901971 141.656910
272 -38.440000 3.031786 9.483441 89.935658
273 -43.630000 3.010127 7.963602 63.418960
274 0.000000 21.549656 15.265769 233.043711
275 -7.570000 17.518232 14.511831 210.593226
276 -7.700000 14.476963 16.270022 264.713604
277 -43.020000 3.437982 11.943113 142.637952
278 0.000000 17.757053 16.945367 287.145476
279 -2.730000 17.888312 14.510439 210.552847
280 -44.330000 2.947156 9.358287 87.577540
281 -23.620000 7.323651 12.163304 147.945957
282 -39.880000 3.113842 12.723642 161.891071
283 -39.490000 2.909166 10.922645 119.304182
284 -49.240000 3.630125 10.987691 120.729356
285 -32.750000 6.817633 14.976122 224.284238
286 -47.720000 6.417587 8.389512 70.383903
287 -41.500000 3.078465 10.298065 106.050148
288 0.000000 23.780728 18.133207 328.813203
289 -44.650000 3.037624 9.061580 82.112225
290 -18.350000 11.113038 10.866807 118.087495
291 -39.820000 2.925924 9.546188 91.129711
292 -7.740000 18.855662 12.434698 154.621710
293 -40.500000 3.067031 11.054102 122.193172
294 -33.110000 5.719108 8.236028 67.832159
295 -44.480000 2.913173 5.946565 35.361635
296 -40.600000 3.093299 7.286509 53.093210
297 -10.770000 12.174449 13.195213 174.113647
298 -39.580000 3.082063 11.659347 135.940380
299 -0.670000 20.806902 15.050674 226.522780
300 -36.640000 3.082534 12.353040 152.597590
301 -40.850000 3.104037 11.221556 125.923327
302 -5.380000 15.362696 12.656570 160.188765
303 -39.180000 3.027011 7.693695 59.192935
304 0.000000 21.802941 18.231418 332.384607
305 -43.690000 3.342284 9.731563 94.703319
306 -42.110000 6.451143 9.304296 86.569925
307 -41.510000 7.394476 9.279009 86.100017
308 -42.260000 3.117705 12.840650 164.882289
309 -25.740000 7.704946 12.112451 146.711478
310 -36.230000 3.140960 12.569147 157.983458
311 -36.320000 4.622389 14.795297 218.900805
312 -13.130000 11.467104 8.821708 77.822541
313 -26.760000 7.480707 12.879750 165.887962
314 -38.040000 3.655655 12.995129 168.873378
315 0.000000 16.320431 12.007704 144.184954
316 -15.740000 11.364379 15.415346 237.632902
317 -39.190000 2.902587 8.251313 68.084171
318 -16.050000 11.692822 20.229349 409.226561
319 -36.000000 8.023489 8.649815 74.819303
320 -42.090000 3.114792 9.641554 92.959567
321 -32.130000 3.009878 11.837739 140.132066
322 -41.600000 3.071141 13.775873 189.774684
323 0.000000 24.091151 16.425506 269.797235
324 -8.950000 16.118775 13.207603 174.440765
325 -4.320000 18.843031 19.760107 390.461825
326 -40.610000 2.990144 8.833208 78.025561
327 -30.540000 6.953651 16.256805 264.283707
328 -30.800000 3.877388 13.917735 193.703355
329 -37.910000 3.076386 13.359021 178.463438
330 -44.670000 2.975083 11.561167 133.660572
331 -36.790000 3.053720 9.925184 98.509278
332 -44.020000 3.022996 5.748010 33.039625
333 -5.180000 14.673848 13.248757 175.529569
334 -44.600000 3.000310 10.382502 107.796346
335 -43.500000 3.115138 8.298031 68.857314
336 -28.870000 10.727003 10.485584 109.947477
337 -38.520000 3.218408 12.778676 163.294553
338 -44.170000 2.953234 11.511723 132.519776
339 0.000000 20.098522 16.308796 265.976830
340 -36.580000 7.117795 11.629013 135.233947
341 -1.560000 19.045372 13.596147 184.855211
342 -7.120000 16.239445 14.658135 214.860936
343 -4.540000 20.098707 14.525929 211.002612
344 -13.600000 10.826635 11.820353 139.720734
345 -15.620000 12.678411 15.709735 246.795763
346 -43.920000 2.996531 14.733864 217.086745
347 -44.310000 3.144542 8.939297 79.911029
348 -4.630000 18.741461 15.719052 247.088587
349 -36.620000 7.214658 12.050847 145.222903
350 -10.730000 13.652012 13.534795 183.190686
351 -0.310000 13.592571 13.624358 185.623142
352 0.000000 22.258376 16.794395 282.051701
353 -35.460000 3.032849 12.151673 147.663159
354 0.000000 24.687773 16.804992 282.407747
355 -16.850000 10.483053 16.024306 256.778368
356 -45.220000 3.047610 12.715354 161.680215
357 -4.380000 15.370679 16.817474 282.827446
358 -43.770000 3.223975 11.195237 125.333325
359 -41.800000 5.479174 10.050231 101.007144
360 -40.090000 3.016972 11.376299 129.420190
361 -27.470000 10.121564 15.557928 242.049139
362 -35.460000 3.064246 11.442307 130.926390
363 -30.660000 8.055095 12.037675 144.905623
364 -28.570000 7.638480 15.793129 249.422934
365 -29.630000 7.157043 14.603041 213.248809
366 -43.390000 3.075068 6.013236 36.159010
367 -40.290000 3.270110 8.355042 69.806731
368 0.000000 17.493043 15.272628 233.253168
369 -39.330000 6.668083 11.305349 127.810907
370 -40.310000 3.845291 9.066302 82.197836
371 -38.920000 4.759190 6.845797 46.864934
372 -36.410000 4.755342 12.943135 167.524743
373 -46.650000 2.980506 10.663097 113.701628
374 -8.080000 18.551203 18.665569 348.403461
375 -41.080000 2.985281 11.453970 131.193428
376 -28.810000 7.488996 9.656319 93.244500
377 -43.120000 3.104927 10.654638 113.521321
378 -37.770000 6.055144 9.968242 99.365849
379 0.000000 23.484329 17.254669 297.723595
380 -52.710000 3.444669 11.987688 143.704669
381 -10.740000 17.459355 13.876568 192.559143
382 -29.900000 8.916553 10.216744 104.381864
383 -12.710000 15.363669 13.732334 188.577000
384 -46.820000 2.927514 5.799309 33.631983
385 -1.350000 19.225623 13.277384 176.288929
386 -37.950000 3.670870 13.607316 185.159059
387 -34.450000 3.052621 9.062550 82.129812
388 0.000000 25.938961 15.140090 229.222329
389 -30.580000 7.258372 12.947596 167.640234
390 -25.640000 7.771835 15.899267 252.786690
391 -44.250000 3.154215 13.171954 173.500383
392 0.000000 21.118365 18.516148 342.847742
393 -51.380000 3.118562 7.969259 63.509095
394 -25.610000 7.238366 11.035553 121.783427
395 -14.210000 15.935822 17.008816 289.299806
396 -38.760000 3.110018 8.137885 66.225172
397 -21.940000 7.522779 10.058003 101.163416
398 -39.350000 3.138383 11.558578 133.600733
399 -37.910000 3.102145 10.046370 100.929556
400 -44.250000 3.457401 11.520323 132.717844
401 -44.580000 2.945297 6.171353 38.085602
402 -40.290000 3.232741 10.148355 102.989105
403 -39.630000 3.044863 11.847825 140.370962
404 0.000000 19.869804 14.115970 199.260608
405 -38.050000 3.459790 8.701112 75.709349
406 -0.190000 19.056402 14.687622 215.726242
407 -29.700000 4.628376 13.247619 175.499403
408 0.000000 25.173221 20.832997 434.013756
409 0.000000 24.623145 18.661819 348.263473
410 -8.350000 16.002833 15.627296 244.212369
411 -11.900000 13.271885 9.096888 82.753375
412 -41.470000 3.464123 12.006065 144.145605
413 -36.530000 6.332449 11.214472 125.764374
414 -35.540000 2.982370 6.923081 47.929052
415 -44.400000 6.917695 12.467225 155.431697
416 -41.620000 3.085436 11.882564 141.195319
417 -7.250000 13.627096 14.744099 217.388448
418 -29.710000 5.326712 11.739221 137.809305
419 -40.100000 6.772412 14.035170 196.985988
420 -7.320000 16.711129 13.339418 177.940082
421 -44.320000 3.026070 14.598682 213.121507
422 -40.350000 3.078141 14.677252 215.421731
423 -32.920000 3.053537 12.176411 148.264984
424 -17.260000 7.735689 11.303327 127.765195
425 -43.370000 3.103349 7.667766 58.794638
426 -37.880000 6.921050 12.073109 145.759954
427 -33.350000 3.747014 13.103827 171.710292
428 -40.960000 2.978730 7.764447 60.286640
429 -18.480000 12.029419 9.185058 84.365285
430 -8.020000 14.664117 11.969625 143.271912
431 0.000000 26.530276 18.451278 340.449670
432 -3.670000 14.780472 14.352563 205.996073
433 -39.370000 3.011620 13.310948 177.181326
434 0.000000 18.420188 15.763765 248.496282
435 -39.320000 3.025945 9.356639 87.546699
436 -40.140000 3.051125 12.258960 150.282110
437 -29.680000 7.762603 13.801509 190.481640
438 -30.580000 7.753056 10.993518 120.857430
439 -33.800000 3.120520 11.803367 139.319470
440 -40.700000 7.776488 12.512407 156.560331
441 -49.800000 3.109071 6.660440 44.361459
442 -10.130000 13.489097 11.774523 138.639392
443 -39.230000 6.595191 13.518052 182.737718
444 -10.600000 15.391284 15.877166 252.084400
445 -39.660000 3.060822 9.847806 96.979275
446 -17.630000 12.599607 15.517050 240.778852
447 -5.740000 19.707542 13.478305 181.664697
448 -3.550000 18.410891 15.427284 238.001081
449 -11.280000 16.237602 17.244557 297.374758
450 -46.160000 3.194035 11.620297 135.031295
451 -6.570000 17.082604 11.899189 141.590696
452 -42.150000 3.195868 10.691880 114.316291
453 -16.230000 6.512503 13.450181 180.907366
454 -22.560000 11.585531 13.109329 171.854509
455 -40.090000 3.508841 13.283772 176.458597
456 -33.940000 2.977535 11.762877 138.365286
457 -1.250000 24.141564 18.920670 357.991736
458 -39.200000 6.225226 13.076589 170.997172
459 0.000000 23.548223 16.739983 280.227026
460 -35.490000 6.833600 10.979907 120.558368
461 0.000000 19.998528 14.931113 222.938138
462 -40.190000 2.981729 10.093801 101.884828
463 -43.020000 2.955650 11.705991 137.030223
464 -20.690000 10.724977 14.181190 201.106142
465 -39.670000 3.111358 12.469362 155.484999
466 -1.050000 15.432551 11.292272 127.515403
467 -43.100000 3.075292 10.448438 109.169860
468 -40.510000 3.167061 10.329254 106.693488
469 -45.010000 3.246103 9.057738 82.042609
470 -21.120000 6.592455 9.827851 96.586652
471 0.000000 21.453156 15.976419 255.245976
472 -15.230000 17.649222 14.202308 201.705559
473 -42.000000 3.076647 7.231363 52.292612
474 -23.260000 11.263612 16.410885 269.317154
475 -28.930000 7.758808 11.229842 126.109352
476 -21.880000 8.409458 10.252193 105.107466
477 -36.450000 3.087676 10.691462 114.307353
478 -31.340000 9.350964 10.306392 106.221708
479 -49.170000 3.200656 11.701007 136.913564
480 -33.440000 3.036458 9.847721 96.977601
481 -19.610000 9.359942 14.114942 199.231595
482 -46.660000 2.943604 10.771409 116.023246
483 0.000000 31.655116 22.767384 518.353795
484 -10.390000 17.628879 15.942788 254.172476
485 -9.770000 13.643152 13.195150 174.111994
486 -35.970000 3.756739 11.731505 137.628218
487 -41.970000 3.103664 11.249741 126.556669
488 -37.910000 3.066685 7.043868 49.616078
489 -30.160000 7.330448 11.450685 131.118193
490 -16.580000 14.244894 15.032564 225.977980
491 -3.090000 18.618155 12.714713 161.663925
492 -43.140000 2.987157 8.184967 66.993691
493 -11.320000 16.661226 16.108266 259.476231
494 -8.600000 13.216584 14.881153 221.448705
495 -48.660000 3.586944 11.345774 128.726578
496 -12.850000 16.191932 10.731557 115.166308
497 -34.930000 7.109991 11.186184 125.130713
498 -16.420000 16.491573 16.423381 269.727453
499 -41.010000 3.424686 12.668451 160.489639
500 -10.450000 12.827685 13.137583 172.596084
501 -31.550000 7.828444 11.407649 130.134446
502 0.000000 19.888779 14.976670 224.300640
503 -46.220000 3.134019 11.043589 121.960866
504 -18.860000 8.544541 6.881421 47.353960
505 -41.420000 3.089463 11.039965 121.880834
506 -45.630000 3.051943 8.610063 74.133181
507 -32.680000 3.109460 10.884086 118.463323
508 -37.350000 3.069009 12.890904 166.175403
509 -40.980000 2.939027 12.242565 149.880393
510 -25.480000 9.902968 11.148862 124.297119
511 0.000000 25.289929 17.396113 302.624747
512 -35.310000 6.785720 9.615203 92.452138
513 -32.520000 4.757882 14.533155 211.212587
514 -39.500000 2.995291 12.463731 155.344601
515 -28.280000 7.463641 9.073901 82.335683
516 -34.650000 3.028222 15.983056 255.458086
517 -37.160000 3.032038 8.675504 75.264365
518 0.000000 23.719298 17.745266 314.894458
519 -35.890000 5.881618 10.406463 108.294469
520 -6.670000 20.848939 19.432864 377.636191
521 -31.280000 7.787580 13.373594 178.853008
522 0.000000 20.041057 16.303281 265.796957
523 -8.900000 16.248407 13.031588 169.822293
524 -42.180000 3.119020 10.270796 105.489247
525 -39.260000 3.104329 11.794066 139.099997
526 -16.870000 14.138143 13.912978 193.570964
527 -30.550000 2.943794 12.072000 145.733175
528 -15.900000 12.176513 12.066293 145.595435
529 -8.520000 13.431213 13.299239 176.869752
530 -27.880000 9.457167 9.692119 93.937167
531 -4.700000 16.172093 17.986495 323.513994
532 -40.840000 3.149496 11.090445 122.997961
533 -7.700000 12.866048 13.951731 194.650794
534 -13.350000 13.906327 16.761743 280.956014
535 -3.710000 16.167523 13.672201 186.929069
536 -19.240000 7.874556 11.575567 133.993757
537 -12.900000 16.271259 13.468829 181.409361
538 -3.340000 18.626837 19.065168 363.480616
539 -35.030000 3.747493 14.846550 220.420060
540 -40.690000 3.101348 8.858348 78.470335
541 -44.470000 3.182360 8.810800 77.630205
542 -39.000000 3.580403 9.953998 99.082073
543 -43.440000 2.986202 9.451332 89.327681
544 0.000000 17.640542 12.286693 150.962826
545 -39.700000 3.002490 9.278892 86.097845
546 -41.490000 3.091533 12.776159 163.230243
547 -44.680000 3.134942 8.865812 78.602615
548 0.000000 20.858242 17.631330 310.863813
549 -15.720000 12.855379 12.392134 153.564994
550 -5.320000 15.545205 17.885082 319.876149
551 -28.330000 7.087474 14.420960 207.964100
552 -40.740000 2.939394 12.673362 160.614100
553 -37.120000 2.935869 12.789305 163.566329
554 -36.110000 3.126272 14.285277 204.069132
555 -41.220000 2.970338 9.018675 81.336499
556 0.000000 28.258878 18.702613 349.787748
557 -40.640000 3.093247 9.307339 86.626560
558 -30.320000 6.875932 12.990199 168.745267
559 -33.240000 5.232377 8.394216 70.462870
560 -43.540000 7.421819 11.898590 141.576438
561 0.000000 21.761684 15.816135 250.150140
562 -39.910000 3.092385 13.139760 172.653304
563 -45.300000 2.972778 7.698640 59.269055
564 0.000000 21.563635 16.103433 259.320565
565 -38.660000 3.049988 9.690723 93.910118
566 -45.010000 3.095713 13.073743 170.922763
567 0.000000 24.775755 21.251014 451.605589
568 -47.470000 3.955318 10.121223 102.439162
569 -12.730000 18.091171 15.017396 225.522195
570 -3.050000 20.058747 14.693771 215.906902
571 0.000000 23.910356 16.201874 262.500706
572 -46.120000 3.038192 6.405742 41.033530
573 -48.240000 3.329096 11.618182 134.982150
574 -24.690000 8.047839 12.755122 162.693135
575 0.000000 24.255253 16.375941 268.171431
576 0.000000 18.983299 12.637886 159.716166
577 -41.260000 2.855001 8.509054 72.403992
578 -44.840000 2.993048 12.326128 151.933436
579 -35.310000 3.130117 10.482848 109.890096
580 -43.150000 3.160560 11.631081 135.282039
581 0.000000 12.800207 10.490976 110.060571
582 -33.130000 2.990088 8.542573 72.975558
583 -14.100000 10.388079 10.589969 112.147453
584 -4.250000 17.218677 14.038711 197.085417
585 -35.980000 6.670887 9.351579 87.452039
586 -4.840000 18.223345 16.934142 286.765155
587 -16.840000 7.978458 11.258613 126.756377
588 -39.960000 6.706058 9.352007 87.460028
589 -46.480000 2.933814 7.285621 53.080271
590 -46.780000 7.266275 8.647045 74.771386
591 -11.690000 17.392927 14.914316 222.436829
592 -37.220000 3.037863 14.872280 221.184722
593 -35.520000 7.183680 11.295945 127.598377
594 -1.410000 13.237718 13.267281 176.020740
595 -24.210000 8.315498 10.020830 100.417028
596 -35.090000 3.067500 12.647593 159.961621
597 -41.410000 3.116326 7.659072 58.661379
598 -20.320000 11.415786 17.891251 320.096848
599 -12.400000 11.435001 8.802739 77.488213
600 -32.510000 6.726485 11.100079 123.211745
601 -37.230000 3.060057 9.628580 92.709559
602 -42.040000 3.389996 9.583252 91.838716
603 -15.010000 15.266548 15.499192 240.224965
604 -42.330000 3.082935 10.741072 115.370637
605 -43.480000 3.182616 9.762221 95.300961
606 -38.150000 6.532203 15.005452 225.163601
607 0.000000 26.307609 16.911530 285.999844
608 -40.830000 2.948367 9.493694 90.130234
609 -11.840000 17.226098 14.416364 207.831563
610 0.000000 28.093470 17.950024 322.203352
611 -46.000000 2.989383 9.477322 89.819634
612 -41.820000 3.129860 9.046537 81.839828
613 -30.020000 7.489103 14.146207 200.115166
614 -8.340000 12.871942 13.927276 193.969008
615 -42.820000 3.097607 11.985083 143.642207
616 -32.560000 6.945918 9.363139 87.668381
617 -4.010000 14.537776 14.545825 211.581032
618 -1.150000 19.712520 14.719319 216.658363
619 -22.830000 7.547738 13.937515 194.254326
620 -36.920000 3.109075 9.494013 90.136285
621 -4.570000 13.719127 13.915738 193.647771
622 -37.530000 3.030333 12.633845 159.614036
623 -43.750000 2.988999 15.521040 240.902685
624 -1.400000 18.406524 17.176554 295.033995
625 -15.620000 16.514904 17.100205 292.417025
626 -45.920000 3.052402 9.347616 87.377917
627 -39.210000 3.086842 10.090336 101.814889
628 -25.300000 5.601114 14.244150 202.895822
629 -38.740000 3.164268 12.614276 159.119966
630 -39.300000 3.054781 15.474985 239.475162
631 -45.150000 3.081941 9.406086 88.474452
632 -43.730000 3.168361 10.679860 114.059400
633 -23.770000 7.136716 13.406228 179.726941
634 0.000000 24.084344 18.246038 332.917897
635 -39.210000 3.078928 12.402194 153.814417
636 -1.020000 18.619832 14.622245 213.810039
637 -41.360000 3.179567 6.582904 43.334621
638 -16.450000 13.636017 14.404554 207.491188
639 0.000000 18.730229 18.640009 347.449927
640 -39.700000 2.986124 12.487213 155.930492
641 0.000000 24.571356 16.115602 259.712628
642 -5.630000 13.780576 12.243828 149.911325
643 -48.720000 5.765339 8.171821 66.778664
644 -14.920000 14.046904 15.876247 252.055204
645 0.000000 19.342968 16.251845 264.122474
646 -11.460000 8.419381 10.905698 118.934247
647 -44.980000 2.954562 8.528465 72.734718
648 -21.940000 8.326275 12.060885 145.464957
649 -43.820000 7.043588 9.141367 83.564586
650 -36.840000 3.338115 9.988925 99.778627
651 -37.250000 7.078845 12.321340 151.815416
652 0.000000 24.335644 17.232082 296.944646
653 0.000000 18.690370 16.977349 288.230395
654 0.000000 18.730966 17.468108 305.134786
655 0.000000 20.491390 15.736725 247.644510
656 -31.170000 3.050467 7.995056 63.920913
657 -23.580000 11.447527 14.166833 200.699146
658 -47.720000 3.052347 9.743793 94.941495
659 -48.540000 3.323919 8.571452 73.469791
660 -50.790000 6.311733 9.563315 91.456999
661 -8.210000 12.294742 6.945392 48.238469
662 -22.800000 8.080648 15.040530 226.217556
663 -44.430000 2.942437 9.086205 82.559113
664 -19.880000 6.867416 12.156045 147.769438
665 -39.190000 3.185045 14.271813 203.684641
666 -43.190000 3.110317 11.453401 131.180401
667 -10.760000 19.006254 13.382728 179.097405
668 -33.890000 3.375600 15.274486 233.309914
669 0.000000 23.832213 17.089133 292.038454
670 -38.660000 2.905924 12.806514 164.006806
671 -25.480000 7.489511 10.440066 108.994969
672 -40.260000 3.027970 13.807989 190.660552
673 -45.740000 3.064019 12.734064 162.156374
674 -41.670000 3.104216 10.769680 115.986007
675 0.000000 20.868551 12.062739 145.509661
676 -32.270000 7.086686 8.309956 69.055374
677 0.000000 29.245575 22.397802 501.661553
678 -47.920000 2.996787 9.182356 84.315670
679 -46.170000 2.966083 13.875030 192.516464
680 -36.220000 3.121117 12.278328 150.757326
681 -41.800000 3.071540 9.793914 95.920758
682 -47.100000 3.113851 15.228938 231.920561
683 -7.480000 13.740973 10.481480 109.861417
684 -17.020000 19.276030 17.933860 321.623331
685 -26.790000 7.244832 10.942875 119.746522
686 -35.780000 6.662398 11.021022 121.462927
687 -2.510000 18.837408 15.841220 250.944260
688 -40.830000 2.946115 7.872988 61.983934
689 -3.300000 15.337563 11.791535 139.040296
690 -22.000000 11.260404 12.138958 147.354290
691 0.000000 24.945349 17.287297 298.850645
692 -36.290000 2.988515 10.667261 113.790460
693 -45.900000 3.022705 11.434348 130.744314
694 0.000000 19.371519 15.685252 246.027134
695 -8.220000 12.941032 12.979511 168.467708
696 -42.950000 3.229035 13.782060 189.945172
697 -40.040000 3.763239 12.863909 165.480156
698 -43.660000 3.073641 12.013974 144.335581
699 0.000000 22.090108 18.900981 357.247100
700 -37.370000 3.805111 13.692753 187.491491
701 -36.380000 3.076329 14.155382 200.374826
702 -38.420000 3.014308 5.944260 35.334230
703 -50.030000 3.223139 9.790991 95.863514
704 -40.830000 3.122384 9.843271 96.889990
705 -18.900000 11.198624 13.839723 191.537945
706 0.000000 21.631799 18.548409 344.043481
707 -37.900000 3.083973 11.564951 133.748082
708 -42.650000 2.973247 9.851566 97.053356
709 -39.000000 3.402515 6.919119 47.874214
710 -22.100000 7.368411 10.131362 102.644496
711 -49.980000 3.086836 6.513444 42.424948
712 -39.850000 3.101132 15.372450 236.312226
713 -34.390000 3.410462 9.356813 87.549957
714 -43.800000 3.051147 9.068461 82.236977
715 -5.250000 17.367573 14.919165 222.581489
716 -46.700000 2.927999 8.393042 70.443148
717 0.000000 19.739736 15.986970 255.583213
718 -42.330000 3.686928 7.664982 58.751943
719 -36.360000 5.274128 9.092043 82.665251
720 -40.080000 3.082140 9.401479 88.387804
721 -38.980000 3.003280 13.164899 173.314567
722 -43.310000 3.089027 12.013658 144.327978
723 -37.190000 5.092192 12.104381 146.516028
724 -42.480000 2.982906 7.446513 55.450556
725 0.000000 24.705593 18.290123 334.528592
726 -46.180000 3.136323 6.609885 43.690583
727 -13.440000 15.988834 12.631838 159.563334
728 -48.700000 3.118092 11.127568 123.822760
729 0.000000 19.181081 15.101977 228.069710
730 0.000000 22.374625 19.306002 372.721724
731 -40.690000 3.088925 11.535511 133.068022
732 -39.120000 3.042579 11.254678 126.667774
733 -38.450000 4.805939 7.671437 58.850940
734 -50.040000 3.005274 7.080885 50.138932
735 -39.550000 3.079534 12.898406 166.368875
736 -28.790000 6.725700 9.433732 88.995303
737 -30.430000 8.089992 15.870999 251.888601
738 -42.270000 3.003814 12.796980 163.762693
739 -16.670000 12.284378 14.729434 216.956226
740 -42.870000 2.911021 9.027385 81.493688
741 0.000000 14.834143 15.550359 241.813669
742 -19.210000 14.302913 10.264500 105.359966
743 -1.520000 19.291739 14.938382 223.155261
744 -4.320000 15.198837 17.234844 297.039856
745 -41.560000 3.134761 12.413794 154.102278
746 -3.120000 18.674960 14.916205 222.493175
747 0.000000 17.456738 14.396586 207.261696
748 -5.000000 15.796305 13.657442 186.525726
749 -44.750000 3.055765 8.070568 65.134076
750 -46.970000 3.065166 7.980186 63.683365
751 -13.890000 16.182949 17.054485 290.855467
752 -43.090000 2.999242 10.847769 117.674087
753 -46.240000 3.114326 7.848300 61.595811
754 -36.370000 3.788522 13.373648 178.854467
755 -10.000000 15.878214 7.583273 57.506033
756 -41.280000 2.965208 7.493950 56.159290
757 -36.050000 7.257940 11.549130 133.382409
758 -32.980000 3.148510 13.853290 191.913631
759 -11.570000 12.036468 10.632304 113.045878
760 -43.090000 3.071117 15.158004 229.765078
761 0.000000 22.031181 18.195475 331.075319
762 -9.260000 14.573849 18.072567 326.617670
763 -7.200000 15.846809 11.043445 121.957668
764 -15.840000 8.607289 12.686584 160.949415
765 -1.880000 17.836956 15.695387 246.345164
766 -15.260000 12.563479 9.954748 99.097005
767 -25.500000 7.870002 7.593203 57.656731
768 -3.500000 18.273260 16.516305 272.788339
769 -45.890000 3.053151 9.692888 93.952082
770 -33.920000 3.745785 13.917339 193.692336
771 -20.150000 7.764785 9.633048 92.795612
772 -43.240000 2.942011 7.559434 57.145036
773 -26.050000 7.473424 11.096784 123.138623
774 -2.930000 22.107074 15.826568 250.480261
775 -0.260000 18.739905 13.960793 194.903736
776 -39.960000 3.119767 9.978003 99.560545
777 -36.150000 3.822906 14.221745 202.258033
778 -39.800000 2.967509 10.738512 115.315635
779 -43.780000 4.205126 6.702112 44.918306
780 -20.240000 10.713447 10.152432 103.071869
781 -50.620000 3.401420 11.206250 125.580034
782 -47.290000 3.106437 7.403742 54.815402
783 -39.320000 3.113577 13.717507 188.170012
784 -42.280000 2.978582 8.459143 71.557102
785 -17.590000 11.945985 9.990659 99.813270
786 -40.720000 6.991806 10.032570 100.652461
787 -27.870000 7.090571 9.608938 92.331688
788 -38.560000 3.125197 11.627172 135.191127
789 -2.940000 14.962906 13.845893 191.708743
790 0.000000 17.811687 12.067798 145.631746
791 -36.290000 3.119442 14.750349 217.572796
792 -39.740000 3.635747 10.550768 111.318698
793 -46.550000 3.124902 10.712017 114.747312
794 -44.260000 3.106054 7.580029 57.456841
795 -10.440000 14.827708 15.317202 234.616689
796 -0.160000 18.162137 17.798495 316.786435
797 -15.030000 12.413439 11.963404 143.123041
798 0.000000 20.092280 15.232995 232.044126
799 -35.500000 7.655133 15.305942 234.271854
800 -41.970000 3.092244 12.088821 146.139581
801 -38.210000 3.091773 10.578743 111.909802
802 -17.250000 12.404106 13.385144 179.162068
803 -48.700000 3.202506 12.402606 153.824641
804 -1.940000 22.087188 18.888447 356.773437
805 -37.590000 3.081130 10.596777 112.291679
806 -43.500000 5.997983 12.641265 159.801593
807 -37.670000 2.876500 7.686517 59.082539
808 -29.500000 7.259665 11.552935 133.470303
809 -48.160000 3.625954 7.103216 50.455681
810 -44.220000 3.088538 12.326492 151.942403
811 -32.210000 7.469782 10.189411 103.824092
812 -31.710000 6.372789 11.611894 134.836076
813 0.000000 23.012034 17.647784 311.444278
814 -37.040000 3.079263 13.595945 184.849732
815 -38.620000 3.013485 12.907587 166.605792
816 -1.060000 26.584595 22.323619 498.343969
817 -17.150000 12.825352 10.470423 109.629765
818 -25.200000 6.043653 14.913371 222.408640
819 -4.050000 21.666034 20.601787 424.433629
820 -35.300000 2.895784 8.794305 77.339794
821 -43.380000 2.969342 9.799077 96.021916
822 -3.920000 21.904996 18.345135 336.543960
823 -44.090000 5.726202 11.721971 137.404609
824 0.000000 21.462333 14.115833 199.256741
825 -48.430000 2.990325 11.440962 130.895604
826 0.000000 23.968628 18.235714 332.541281
827 -11.750000 18.403715 14.945571 223.370085
828 -47.480000 3.749390 6.517031 42.471699
829 -40.270000 3.452407 10.651964 113.464343
830 -36.230000 3.106000 10.546033 111.218814
831 -37.440000 3.041052 13.441408 180.671447
832 -39.170000 6.739666 13.013592 169.353571
833 -37.350000 5.483050 12.929030 167.159815
834 -35.720000 6.924325 9.287427 86.256294
835 -11.610000 12.846607 11.037737 121.831639
836 -35.210000 3.056801 11.767116 138.465023
837 -3.680000 18.379372 14.792559 218.819797
838 -36.020000 3.139359 9.278858 86.097205
839 -36.860000 3.091329 14.404424 207.487417
840 -43.170000 3.025397 8.966520 80.398478
841 -6.100000 14.909112 12.667839 160.474145
842 -37.150000 3.288716 11.698908 136.864456
843 -36.980000 5.982447 11.231480 126.146148
844 -44.500000 3.060893 10.349254 107.107066
845 -30.230000 5.780843 9.014192 81.255649
846 -38.470000 3.039342 13.689133 187.392359
847 -41.940000 3.100673 8.757671 76.696808
848 -43.890000 7.203779 11.055188 122.217184
849 -21.820000 7.119363 7.862265 61.815208
850 -41.560000 3.768384 14.438469 208.469386
851 -40.290000 3.067689 14.687502 215.722710
852 0.000000 21.748815 17.816900 317.441942
853 -49.260000 3.126020 9.509142 90.423791
854 -45.530000 3.112324 11.548034 133.357089
855 -0.390000 22.466365 20.498813 420.201348
856 -40.250000 2.877702 9.041473 81.748233
857 -35.100000 4.903216 10.803189 116.708888
858 -40.620000 3.766556 10.393640 108.027751
859 -45.640000 3.169843 13.041062 170.069289
860 -32.530000 6.290251 11.273326 127.087877
861 -41.430000 3.721453 15.348154 235.565825
862 0.000000 22.639531 15.939080 254.054263
863 -14.600000 11.230956 15.519799 240.864156
864 -36.270000 2.975624 9.441754 89.146726
865 -18.590000 8.064287 12.128224 147.093820
866 -4.830000 18.919971 19.555033 382.399318
867 -42.270000 3.093581 7.606769 57.862939
868 -4.410000 19.840996 17.365111 301.547085
869 -48.060000 3.158011 6.557687 43.003263
870 -47.030000 3.016798 10.109485 102.201681
871 -23.190000 6.274148 8.681269 75.364429
872 -41.610000 3.614054 10.721642 114.953600
873 -13.320000 18.285650 17.416971 303.350868
874 -14.430000 12.363376 17.881598 319.751550
875 -0.460000 18.957299 14.241676 202.825329
876 -33.870000 5.169863 13.375204 178.896075
877 -23.390000 11.388904 14.875542 221.281740
878 -8.040000 15.831410 13.116810 172.050705
879 -43.580000 3.132710 8.038521 64.617822
880 -43.180000 2.928295 7.060947 49.856975
881 -45.860000 3.896971 5.028437 25.285182
882 0.000000 18.054621 14.553856 211.814724
883 -40.980000 3.676409 14.466451 209.278217
884 0.000000 18.085676 16.926681 286.512522
885 -32.500000 8.156457 11.661221 135.984084
886 -36.080000 3.056426 9.808316 96.203054
887 -47.350000 7.573075 12.123814 146.986857
888 -42.520000 3.131750 11.016328 121.359484
889 -48.850000 3.099088 9.806730 96.171958
890 -35.960000 7.011117 11.751260 138.092119
891 -40.790000 3.163464 10.917251 119.186379
892 -15.980000 14.381845 10.497464 110.196749
893 0.000000 23.066711 13.915492 193.640921
894 -16.030000 12.035273 16.017953 256.574815
895 -40.690000 3.072437 11.113252 123.504365
896 -48.250000 3.477983 8.801329 77.463384
897 -15.830000 11.652997 12.180483 148.364157
898 -46.040000 3.141445 11.131079 123.900920
899 -38.190000 3.248069 7.771751 60.400110
900 -4.780000 15.554365 12.587148 158.436297
901 -34.220000 3.027212 11.372638 129.336903
902 -39.840000 3.043529 10.185959 103.753766
903 -42.510000 3.099539 10.729989 115.132662
904 -11.460000 16.563342 12.603354 158.844532
905 -29.110000 7.761951 8.908720 79.365285
906 -48.830000 3.069608 6.673577 44.536627
907 -7.980000 13.349631 9.744836 94.961835
908 -39.750000 7.221628 12.405072 153.885812
909 -36.800000 6.543339 10.028450 100.569806
910 0.000000 22.601518 18.223705 332.103428
911 0.000000 23.485431 19.324063 373.419429
912 -23.740000 6.176517 8.113880 65.835052
913 -16.850000 10.572597 10.399144 108.142197
914 -46.580000 4.462341 9.117209 83.123502
915 -10.120000 12.909737 9.598920 92.139256
916 -42.640000 3.068363 7.555130 57.079995
917 -27.850000 7.309238 9.082347 82.489031
918 -40.970000 2.974072 9.522481 90.677635
919 -35.730000 2.956453 12.094946 146.287723
920 -44.840000 2.961736 8.084178 65.353931
921 -41.110000 3.105803 8.812465 77.659547
922 -10.240000 19.422010 17.122542 293.181438
923 -36.410000 3.062745 10.794924 116.530384
924 -40.530000 6.685734 10.249191 105.045906
925 -41.430000 3.032963 9.389098 88.155161
926 -9.010000 14.804894 10.779996 116.208308
927 -4.540000 17.602927 18.816083 354.044978
928 -40.940000 3.045680 9.224399 85.089535
929 -46.810000 3.106044 11.211108 125.688949
930 -36.750000 3.056605 14.633095 214.127459
931 -16.410000 11.260685 14.522863 210.913543
932 -24.620000 8.483954 13.003898 169.101369
933 -34.910000 3.161618 9.332987 87.104652
934 -36.760000 3.579558 8.603798 74.025334
935 -39.670000 6.178149 10.949240 119.885846
936 -45.100000 2.986942 15.026223 225.787392
937 -36.600000 3.883127 10.138900 102.797291
938 -15.430000 10.390354 9.703200 94.152095
939 -39.910000 4.617440 8.232660 67.776692
940 -45.530000 7.026775 12.443825 154.848784
941 -29.530000 3.031179 10.275126 105.578207
942 -39.280000 3.152037 11.786295 138.916748
943 -43.270000 3.098422 12.938931 167.415945
944 -17.840000 14.269811 15.254175 232.689855
945 -42.670000 3.137586 9.929702 98.598985
946 -3.720000 15.467003 14.312186 204.838676
947 -49.920000 3.513702 7.159507 51.258534
948 -47.820000 3.098233 12.718624 161.763405
949 -25.800000 6.743035 11.959902 143.039264
950 -46.910000 3.001439 10.910807 119.045710
951 -42.260000 2.947767 8.592453 73.830241
952 -3.760000 19.705701 19.190489 368.274885
953 -11.170000 13.262734 14.674275 215.334337
954 -43.920000 3.169877 9.831550 96.659383
955 -7.030000 12.200356 10.556785 111.445699
956 -43.430000 3.078155 8.132678 66.140452
957 -43.300000 3.149496 10.634274 113.087794
958 -28.420000 8.058348 14.712880 216.468847
959 -42.280000 2.926386 7.979970 63.679929
960 -3.710000 22.828290 20.242633 409.764186
961 -41.720000 3.024633 16.520384 272.923082
962 -45.060000 3.073711 12.262056 150.358018
963 -38.730000 2.912998 11.890031 141.372839
964 -39.620000 3.139619 11.261549 126.822478
965 -44.510000 6.748424 13.411681 179.873178
966 -10.890000 18.944629 13.158830 173.154815
967 0.000000 33.303504 23.713421 562.326317
968 -22.800000 8.033303 12.533046 157.077239
969 -40.200000 2.891082 10.977868 120.513575
970 -42.260000 3.046711 13.527508 182.993479
971 0.000000 24.676605 18.795413 353.267537
972 -33.700000 6.038536 12.280052 150.799677
973 -38.090000 6.988873 10.221290 104.474765
974 -29.190000 7.350731 13.427944 180.309680
975 -5.400000 21.775614 20.492357 419.936701
976 -48.680000 3.062641 13.415121 179.965471
977 -48.010000 3.123282 7.719183 59.585782
978 -30.860000 6.544144 10.542649 111.147455
979 0.000000 22.768783 13.312173 177.213956
980 -46.870000 3.185436 7.475431 55.882064
981 -27.880000 5.141093 13.848165 191.771666
982 -13.140000 17.240930 15.152671 229.603433
983 -26.250000 8.530169 9.657579 93.268837
984 0.000000 19.812576 16.551062 273.937654
985 -42.450000 3.596610 10.920938 119.266898
986 -45.520000 3.200913 9.150027 83.723001
987 0.000000 21.334832 17.041077 290.398311
988 -35.720000 6.155073 11.943835 142.655183
989 -29.870000 7.061406 12.685466 160.921059
990 -20.600000 12.068593 13.653286 186.412210
991 -16.320000 13.294226 10.889715 118.585903
992 -38.590000 3.913816 10.888891 118.567939
993 -46.630000 3.077543 8.934795 79.830569
994 -3.200000 19.209036 14.904722 222.150741
995 -32.350000 2.991397 11.960736 143.059216
996 -32.510000 6.237959 13.146547 172.831696
997 -12.120000 18.094723 14.489270 209.938955
998 -2.090000 17.182121 12.344507 152.386859
999 -3.250000 20.942937 16.312518 266.098231
1000 0.000000 19.524485 14.260537 203.362927
1001 -51.440000 2.973924 10.153662 103.096858
1002 -20.100000 6.973938 10.143195 102.884409
1003 -26.440000 7.276964 12.717401 161.732284
1004 0.000000 23.109114 17.615225 310.296140
1005 -0.140000 22.524141 19.241018 370.216791
1006 -40.370000 3.124737 12.362674 152.835697
1007 -45.760000 3.384050 6.804653 46.303305
1008 -21.920000 11.250637 15.918792 253.407927
1009 0.000000 25.843109 21.334451 455.158806
1010 -14.040000 13.779414 11.839611 140.176400
1011 -5.650000 20.168779 15.874553 252.001439
1012 -49.220000 3.480602 11.609303 134.775921
1013 -35.950000 3.641577 13.658190 186.546154
1014 -24.040000 6.875022 10.442227 109.040099
1015 -25.980000 11.623194 13.709690 187.955596
1016 0.000000 19.867555 14.706150 216.270838
1017 -40.470000 3.096010 11.323753 128.227383
1018 -1.640000 20.561952 18.532706 343.461202
1019 -33.460000 6.331789 8.511639 72.448003
1020 -40.560000 3.154978 12.120740 146.912349
1021 -40.180000 3.071162 12.046283 145.112935
1022 -29.020000 5.535769 13.265971 175.985995
1023 -28.520000 8.403682 11.803761 139.328775
1024 -7.270000 14.814103 13.500079 182.252129
1025 -44.090000 3.461390 13.117042 172.056793
1026 -30.970000 7.286782 12.944998 167.572984
1027 -40.540000 8.257879 11.810372 139.484897
1028 -41.490000 3.115475 13.548780 183.569431
1029 -9.660000 14.552928 11.874426 141.001989
1030 -13.860000 11.996395 11.117190 123.591918
1031 -47.860000 3.043224 8.597516 73.917289
1032 -43.730000 4.487367 13.852858 191.901665
1033 -41.900000 3.103450 16.273754 264.835055
1034 -38.330000 3.102014 14.941797 223.257293
1035 -40.470000 3.776608 8.330564 69.398291
1036 -16.600000 9.466958 12.974655 168.341681
1037 -30.410000 7.341108 12.304906 151.410723
1038 -20.870000 12.604792 15.258003 232.806670
1039 -3.640000 14.315740 14.231378 202.532123
1040 -40.040000 2.994323 11.110937 123.452912
1041 -43.570000 3.081730 8.464081 71.640666
1042 -40.170000 3.152722 13.499736 182.242884
1043 -45.670000 3.155550 10.449088 109.183444
1044 0.000000 21.393854 14.911303 222.346946
1045 -43.030000 3.081409 14.097885 198.750349
1046 -39.530000 5.417470 11.729502 137.581224
1047 -39.670000 2.992755 10.080918 101.624902
1048 -0.160000 14.640164 12.019776 144.475024
1049 -38.850000 3.034684 12.116530 146.810303
1050 -48.640000 3.134097 12.599634 158.750787
1051 -21.650000 12.653777 13.459169 181.149241
1052 -38.320000 3.095841 11.963567 143.126925
1053 -32.450000 5.537695 11.980638 143.535689
1054 -19.580000 8.421616 15.117101 228.526748
1055 -6.300000 13.555318 13.229376 175.016387
1056 -17.020000 8.260694 11.395005 129.846135
1057 -43.010000 3.831007 12.083528 146.011639
1058 -7.510000 17.432209 15.468550 239.276029
1059 -40.070000 6.544164 9.054491 81.983814
1060 -1.310000 18.882880 15.326060 234.888121
1061 -42.450000 2.880134 11.968111 143.235683
1062 -39.690000 3.083454 14.552916 211.787366
1063 -47.710000 3.023689 7.780814 60.541072
1064 -38.190000 2.925098 9.844547 96.915113
1065 -22.610000 11.974297 10.868401 118.122137
1066 -46.230000 3.507838 11.607086 134.724444
1067 -42.830000 2.973929 9.266717 85.872048
1068 -6.190000 21.215062 16.565594 274.418901
1069 -11.830000 13.078646 14.040708 197.141481
1070 -45.350000 3.098015 8.630689 74.488800
1071 -13.400000 11.274151 9.803594 96.110446
1072 -12.400000 11.453446 15.183239 230.530746
1073 0.000000 24.243881 19.338729 373.986455
1074 -25.450000 6.667982 11.558130 133.590376
1075 -42.410000 3.457219 11.527195 132.876231
1076 -43.530000 3.055442 7.490792 56.111968
1077 -3.950000 15.720281 15.142436 229.293373
1078 0.000000 20.516719 16.988544 288.610630
1079 -31.600000 8.311868 13.508381 182.476365
1080 -42.660000 3.495498 9.929816 98.601243
1081 -11.560000 13.008071 16.760427 280.911902
1082 -0.560000 19.745394 17.757655 315.334296
1083 -32.960000 3.728584 15.122108 228.678139
1084 -31.330000 3.087550 8.387757 70.354466
1085 -39.430000 6.706354 11.023741 121.522868
1086 -40.730000 6.822044 9.527145 90.766499
1087 -38.540000 3.026558 12.951539 167.742359
1088 -41.110000 2.945267 12.106844 146.575673
1089 -49.080000 3.243717 9.375832 87.906221
1090 -5.070000 20.724449 16.355818 267.512796
1091 -36.010000 3.034305 10.950425 119.911798
1092 -28.970000 7.303375 9.861771 97.254522
1093 -38.710000 3.109919 8.475849 71.840010
1094 -26.680000 5.046342 11.087441 122.931354
1095 -44.970000 2.952678 8.367089 70.008185
1096 -31.140000 7.079897 8.581255 73.637944
1097 0.000000 23.147248 14.426818 208.133069
1098 -14.900000 12.083625 9.781538 95.678483
1099 -4.900000 17.288781 14.167384 200.714775
1100 -32.010000 3.050160 12.722820 161.870149
1101 -40.580000 3.082414 10.811942 116.898092
1102 -41.650000 3.061888 13.285129 176.494660
1103 -36.340000 7.157821 12.252399 150.121275
1104 0.000000 16.792001 16.004574 256.146378
1105 -35.020000 3.848393 11.806580 139.395329
1106 -24.900000 7.142246 9.767698 95.407929
1107 -39.020000 3.011746 12.126446 147.050701
1108 -1.920000 19.600374 14.783050 218.538560
1109 -19.330000 12.883669 10.948688 119.873769
1110 -40.910000 3.027488 13.332860 177.765145
1111 -3.760000 16.886782 13.319832 177.417934
1112 -39.290000 3.122808 11.502580 132.309358
1113 -0.320000 18.787832 15.689969 246.175135
1114 -11.270000 15.872054 13.645937 186.211588
1115 -11.950000 16.947712 14.045019 197.262557
1116 -42.260000 3.089025 7.169464 51.401219
1117 -32.580000 2.926356 11.766269 138.445075
1118 -44.990000 7.004993 14.478602 209.629906
1119 -11.780000 14.641600 15.086871 227.613664
1120 -44.820000 3.156636 12.433820 154.599868
1121 -0.510000 15.440934 13.852011 191.878198
1122 -43.060000 7.025098 10.269376 105.460085
1123 -29.620000 3.695085 13.445930 180.793025
1124 -44.770000 6.759789 11.795357 139.130446
1125 -40.260000 3.067580 7.583509 57.509601
1126 -38.040000 3.089331 10.270083 105.474614
1127 -37.130000 3.081012 9.676885 93.642100
1128 0.000000 18.405379 13.110327 171.880687
1129 -35.780000 7.006596 6.837540 46.751956
1130 0.000000 23.538464 16.460984 270.963997
1131 -40.140000 2.971243 10.038979 100.781094
1132 -44.820000 3.816337 8.677587 75.300508
1133 -36.940000 6.044781 9.110711 83.005049
1134 0.000000 27.073315 21.280497 452.859550
1135 -40.330000 3.061208 12.247945 150.012162
1136 -15.430000 10.756747 17.134391 293.587372
1137 -46.110000 3.275745 13.245886 175.453486
1138 -31.470000 2.908609 10.317856 106.458150
1139 -7.240000 18.184371 13.659989 186.595302
1140 0.000000 24.324535 19.646988 386.004124
1141 -9.510000 17.020511 13.900782 193.231732
1142 -41.680000 2.860807 8.136845 66.208241
1143 0.000000 14.690775 10.906817 118.958660
1144 0.000000 25.928191 19.488040 379.783699
1145 -41.040000 2.943311 7.664245 58.740657
1146 -40.560000 3.058217 12.910285 166.675461
1147 -41.740000 3.100945 7.942700 63.086481
1148 -15.650000 10.896440 9.074386 82.344486
1149 -41.220000 3.069336 13.007536 169.195983
1150 -17.600000 15.667411 13.943884 194.431893
1151 0.000000 26.960767 18.065364 326.357386
1152 -36.550000 3.089385 12.044827 145.077847
1153 0.000000 22.633942 18.167282 330.050124
1154 -36.130000 3.047530 13.396062 179.454473
1155 -44.470000 3.055621 7.965539 63.449814
1156 -17.470000 11.890055 14.969341 224.081170
1157 -12.160000 17.273280 12.447427 154.938428
1158 -42.700000 3.057192 12.884371 166.007005
1159 0.000000 20.421740 15.804814 249.792154
1160 -33.990000 3.116517 10.003049 100.060991
1161 -40.810000 2.940533 9.239567 85.369601
1162 -35.490000 3.037526 10.895134 118.703954
1163 -39.710000 6.577363 10.182707 103.687515
1164 -41.230000 3.094124 9.899436 97.998830
1165 -6.180000 18.266544 11.642238 135.541707
1166 -1.460000 21.500665 15.004360 225.130826
1167 -38.760000 3.066925 8.108925 65.754660
1168 -19.030000 10.923027 9.571717 91.617776
1169 -37.680000 7.007177 11.657714 135.902298
1170 -42.460000 3.095116 10.834151 117.378832
1171 -32.940000 3.061817 12.105260 146.537327
1172 -27.020000 7.704743 10.238558 104.828068
1173 -46.100000 3.096102 10.798292 116.603114
1174 -4.330000 16.737847 13.715618 188.118189
1175 -41.830000 6.351393 12.629161 159.495698
1176 -40.470000 3.057940 10.728376 115.098045
1177 -44.770000 2.967312 7.484955 56.024551
1178 0.000000 23.567301 16.315078 266.181783
1179 -41.080000 3.104270 9.865063 97.319460
1180 -40.810000 3.055405 12.766040 162.971780
1181 -40.110000 3.073730 11.419291 130.400209
1182 -2.210000 19.257283 13.375555 178.905463
1183 -33.460000 3.703433 11.023426 121.515918
1184 -37.110000 2.900038 10.842198 117.553268
1185 -40.650000 3.061038 6.888682 47.453939
1186 -40.950000 7.368695 9.569807 91.581197
1187 -35.820000 3.135647 11.162911 124.610572
1188 -42.650000 3.079498 7.486207 56.043294
1189 -38.080000 7.149070 11.232423 126.167337
1190 -32.190000 6.978758 7.901485 62.433468
1191 -2.880000 22.445279 19.389749 375.962382
1192 -3.740000 18.366285 14.912187 222.373309
1193 -42.190000 3.007728 7.756353 60.161019
1194 0.000000 19.442035 17.214183 296.328090
1195 -29.530000 7.782874 13.339222 177.934834
1196 -4.760000 15.635220 15.333552 235.117814
1197 -35.310000 6.578726 12.539667 157.243243
1198 -4.720000 16.141499 11.810106 139.478593
1199 -20.180000 10.921674 14.334762 205.485404
1200 -9.090000 15.351174 14.425030 208.081502
1201 -40.180000 2.949564 7.368712 54.297921
1202 -16.090000 10.046563 11.036246 121.798718
1203 -26.390000 7.719389 10.335024 106.812714
1204 -2.430000 21.594270 19.929695 397.192736
1205 -40.380000 3.092082 11.434678 130.751850
1206 -40.300000 7.472336 11.319204 128.124379
1207 -46.010000 3.156346 8.353227 69.776402
1208 -6.100000 16.286138 16.837033 283.485670
1209 -35.180000 6.895011 6.921493 47.907059
1210 -46.120000 5.417361 11.396470 129.879527
1211 -7.730000 19.181617 16.000879 256.028129
1212 -43.880000 3.118030 8.690171 75.519070
1213 0.000000 20.615206 16.873589 284.718011
1214 -49.060000 3.158098 7.474666 55.870627
1215 -43.530000 3.086118 14.604719 213.297816
1216 -36.350000 3.065714 8.358902 69.871244
1217 -25.220000 7.304358 13.084933 171.215469
1218 -33.270000 3.628730 12.231316 149.605087
1219 -43.870000 3.749035 9.357982 87.571826
1220 -39.430000 6.077690 6.468192 41.837508
1221 -38.720000 3.094858 8.333463 69.446613
1222 -46.620000 2.967682 14.387531 207.001040
1223 -20.280000 9.192990 9.394007 88.247370
1224 -3.410000 15.860133 10.638096 113.169091
1225 -45.550000 5.063120 15.212324 231.414805
1226 -47.070000 2.989943 14.189201 201.333433
1227 -38.290000 2.915970 10.996836 120.930391
1228 -36.500000 2.994946 8.047335 64.759607
1229 -43.210000 7.306772 8.379261 70.212008
1230 -11.520000 13.537700 10.511850 110.498996
1231 -37.830000 3.506245 8.033299 64.533891
1232 0.000000 17.744559 11.342116 128.643600
1233 -43.480000 3.116533 11.890249 141.378028
1234 -2.810000 21.744672 15.361064 235.962286
1235 0.000000 20.546164 16.041058 257.315529
1236 -23.420000 7.299919 13.081205 171.117933
1237 -31.190000 8.016874 11.274009 127.103275
1238 -40.120000 3.108005 9.431377 88.950875
1239 -39.470000 7.267673 14.639848 214.325146
1240 -50.550000 3.034526 5.117353 26.187306
1241 -9.600000 15.307570 10.984736 120.664424
1242 -39.610000 2.913122 8.006602 64.105683
1243 0.000000 16.486667 17.648043 311.453429
1244 -26.830000 7.769318 9.178550 84.245788
1245 -48.620000 3.685430 11.452926 131.169516
1246 -11.300000 15.243555 14.899269 221.988224
1247 -35.160000 7.104513 11.200402 125.449007
1248 -36.610000 2.973253 11.767541 138.475013
1249 -42.170000 3.126874 13.167888 173.393264
1250 -13.160000 17.189729 15.590741 243.071192
1251 -22.920000 7.761432 13.463531 181.266662
1252 -48.140000 3.575912 8.840663 78.157318
1253 -8.440000 18.657276 13.673992 186.978045
1254 -41.310000 2.922504 7.810473 61.003489
1255 -42.930000 3.097514 6.971415 48.600626
1256 0.000000 21.160714 15.306113 234.277098
1257 -40.120000 2.985921 12.029647 144.712402
1258 0.000000 24.219703 18.226310 332.198367
1259 -49.960000 3.019439 10.381423 107.773939
1260 -12.230000 13.526113 12.012149 144.291714
1261 -34.710000 3.119337 9.888643 97.785263
1262 -1.130000 21.388431 18.337018 336.246226
1263 -4.070000 19.663781 17.821786 317.616072
1264 0.000000 25.278377 19.118319 365.510139
1265 -45.790000 3.718662 7.855250 61.704945
1266 0.000000 22.136691 15.083592 227.514762
1267 0.000000 26.034503 17.658826 311.834134
1268 0.000000 25.683514 18.050693 325.827520
1269 -42.330000 3.075978 12.812159 164.151416
1270 -34.880000 3.079614 7.968724 63.500570
1271 -15.460000 16.699408 13.192331 174.037601
1272 -38.620000 6.615107 8.971883 80.494687
1273 -35.710000 2.911006 11.887675 141.316811
1274 -32.030000 3.677986 10.592712 112.205543
1275 -25.810000 6.169047 12.620327 159.272647
1276 -41.630000 3.082088 11.768709 138.502523
1277 -41.540000 2.985155 8.768512 76.886810
1278 -42.740000 3.111827 15.246777 232.464209
1279 -34.970000 2.937272 13.614263 185.348161
1280 0.000000 3.070107 7.225191 52.203389
1281 0.000000 26.282857 18.485617 341.718018
1282 -45.260000 2.983139 14.051101 197.433445
1283 -33.030000 3.709475 10.796049 116.554677
1284 -42.160000 7.192332 12.058670 145.411527
1285 0.000000 22.286037 19.797941 391.958457
1286 0.000000 21.576699 15.778526 248.961881
1287 -48.710000 3.089621 6.787508 46.070264
1288 -2.800000 16.083590 16.368368 267.923465
1289 -45.340000 3.025322 11.409217 130.170226
1290 -10.000000 16.981382 13.861913 192.152636
1291 -13.390000 12.730355 12.564056 157.855503
1292 -9.720000 14.557736 8.651529 74.848961
1293 -40.190000 3.110295 8.067256 65.080622
1294 -42.710000 4.602084 9.859825 97.216143
1295 -42.990000 6.521117 7.912670 62.610341
1296 0.000000 19.756648 16.863427 284.375158
1297 -6.020000 12.973774 10.536692 111.021886
1298 -4.730000 16.419502 16.502975 272.348182
1299 -40.240000 3.063938 12.238506 149.781026
1300 -42.390000 3.483818 12.807057 164.020698
1301 -36.840000 3.022061 10.010842 100.216968
1302 -44.740000 2.988791 12.688744 161.004228
1303 -40.920000 3.842394 13.510552 182.535018
1304 -47.560000 2.949327 13.288650 176.588224
1305 -32.980000 7.961569 7.792132 60.717313
1306 -47.680000 3.066903 10.235743 104.770443
1307 -8.960000 13.755394 12.233202 149.651236
1308 -50.200000 3.278792 12.504968 156.374230
1309 -38.070000 3.674911 9.647542 93.075070
1310 -37.780000 2.947440 11.894175 141.471388
1311 -30.940000 6.638531 10.524567 110.766518
1312 -15.850000 9.243145 13.490318 181.988682
1313 -21.610000 8.502064 12.112046 146.701669
1314 -45.360000 3.084606 13.856911 192.013993
1315 -4.090000 15.361959 12.992706 168.810402
1316 -3.490000 20.896139 18.231093 332.372770
1317 0.000000 25.075399 19.057155 363.175145
1318 -43.310000 3.132951 11.925663 142.221440
1319 -44.050000 3.066469 12.314366 151.643606
1320 -17.850000 11.979471 11.542223 133.222900
1321 -41.160000 7.115245 6.302154 39.717147
1322 -2.530000 18.136280 16.358133 267.588515
1323 -1.980000 22.190760 18.629034 347.040893
1324 -39.010000 2.979603 11.969716 143.274090
1325 -48.750000 3.287656 9.937024 98.744452
1326 -1.660000 28.936798 21.500047 462.252012
1327 -12.570000 11.215875 14.281137 203.950869
1328 -31.090000 3.074038 14.588243 212.816843
1329 -44.760000 3.036540 10.400120 108.162503
1330 -1.200000 18.473762 15.729343 247.412220
1331 -40.630000 3.101656 8.952546 80.148084
1332 -38.220000 4.841659 10.549333 111.288419
1333 -5.290000 14.054657 15.264708 233.011316
1334 -45.470000 2.936712 7.127167 50.796510
1335 -26.270000 7.057815 13.739638 188.777665
1336 -44.370000 3.144826 12.365116 152.896086
1337 -3.020000 20.003668 16.261129 264.424301
1338 -0.720000 16.584945 12.214742 149.199911
1339 -35.710000 3.592803 10.905548 118.930980
1340 -40.120000 3.037053 12.800340 163.848706
1341 -39.050000 3.044079 13.458449 181.129855
1342 -46.360000 3.110068 16.981419 288.368602
1343 -28.860000 7.133745 10.038120 100.763851
1344 -32.340000 8.642935 12.681011 160.808032
1345 -42.980000 2.985399 8.857774 78.460157
1346 0.000000 14.745753 12.853956 165.224190
1347 -43.230000 3.093877 10.212446 104.294046
1348 -33.630000 3.084886 8.498734 72.228471
1349 -39.370000 3.618041 14.432901 208.308636
1350 -47.270000 6.412707 8.818484 77.765664
1351 -44.990000 2.953993 10.160503 103.235828
1352 -32.370000 6.085957 6.382359 40.734503
1353 -32.240000 6.816726 12.439881 154.750640
1354 -36.160000 3.127935 14.070082 197.967194
1355 -40.300000 3.068801 8.765848 76.840096
1356 -40.920000 3.443337 9.618211 92.509980
1357 -38.010000 3.068508 13.215889 174.659729
1358 -44.940000 7.347270 9.820507 96.442353
1359 -43.760000 3.757848 7.361445 54.190871
1360 -40.520000 3.054103 15.227835 231.886953
1361 -40.200000 3.118624 14.829363 219.910015
1362 -28.550000 7.534446 12.326680 151.947043
1363 -34.710000 7.229546 9.453897 89.376175
1364 -43.690000 3.091208 14.502954 210.335667
1365 -43.390000 2.950552 10.414330 108.458259
1366 -36.930000 5.696667 13.381248 179.057802
1367 -20.020000 12.324150 17.223892 296.662448
1368 -25.990000 7.320296 12.908192 166.621418
1369 -31.270000 9.653689 16.060394 257.936263
1370 -42.000000 3.863703 8.487618 72.039656
1371 -28.150000 7.692730 11.567946 133.817368
1372 -41.550000 2.914932 7.989656 63.834600
1373 -48.460000 2.945964 10.714852 114.808045
1374 -11.800000 16.704430 15.451529 238.749743
1375 -38.780000 5.595203 12.543740 157.345409
1376 -49.340000 3.082148 10.540798 111.108419
1377 -49.440000 3.144744 12.621426 159.300399
1378 -38.590000 3.155576 11.000973 121.021416
1379 -45.110000 3.082756 8.139949 66.258775
1380 -40.160000 5.477836 9.861807 97.255245
1381 -44.990000 3.048304 11.423561 130.497739
1382 -37.070000 3.789578 11.006483 121.142676
1383 0.000000 27.175282 21.092615 444.898427
1384 -14.890000 9.986096 11.377352 129.444135
1385 -5.490000 18.057463 14.453872 208.914428
1386 -25.390000 11.675658 11.221552 125.923237
1387 -39.560000 3.061973 10.732862 115.194332
1388 -11.730000 12.257060 12.492646 156.066212
1389 -41.150000 3.079099 10.912308 119.078464
1390 0.000000 28.582094 20.490374 419.855418
1391 -18.600000 15.300227 12.991510 168.779326
1392 -43.860000 3.061657 11.657491 135.897093
1393 0.000000 24.138457 14.992196 224.765938
1394 -45.830000 2.970070 12.002172 144.052129
1395 -44.310000 3.171096 8.434598 71.142436
1396 -21.180000 11.591928 14.117913 199.315467
1397 -39.620000 3.810424 14.524093 210.949287
1398 -44.830000 3.087522 12.538329 157.209701
1399 -47.510000 3.190490 5.487419 30.111769
1400 -45.790000 3.022114 5.831216 34.003079
1401 -49.880000 3.525200 9.760730 95.271856
1402 -35.510000 5.106731 12.068274 145.643229
1403 -39.910000 3.135085 13.205798 174.393112
1404 -2.090000 18.405073 16.080208 258.573088
1405 -45.030000 3.109711 11.686970 136.585264
1406 -1.780000 19.653053 14.149839 200.217947
1407 -22.880000 7.842371 12.273533 150.639616
1408 -46.050000 3.142327 11.004839 121.106487
1409 -38.730000 3.150887 14.898914 221.977639
1410 -8.660000 13.213720 13.113162 171.955026
1411 -37.950000 2.988840 10.615834 112.695936
1412 0.000000 23.992739 16.364069 267.782752
1413 -22.200000 7.476331 10.046994 100.942098
1414 -8.810000 19.316286 15.747679 247.989390
1415 -37.570000 3.912904 15.977124 255.268496
1416 0.000000 22.318665 17.889208 320.023770
1417 -25.480000 7.631993 13.928002 193.989241
1418 -37.520000 3.083131 7.563067 57.199989
1419 0.000000 20.659685 17.715059 313.823332
1420 -36.460000 5.945647 9.408317 88.516427
1421 -15.320000 20.429525 14.594685 213.004839
1422 -25.130000 8.953836 8.814994 77.704127
1423 -41.820000 3.209325 7.144647 51.045980
1424 -48.640000 5.655551 10.279409 105.666241
1425 -1.880000 20.239107 18.513511 342.750086
1426 -47.110000 3.427232 6.351119 40.336709
1427 0.000000 21.966676 16.017214 256.551142
1428 -37.150000 3.018093 7.786828 60.634697
1429 -36.990000 3.047963 7.591719 57.634197
1430 -9.270000 21.789998 20.216865 408.721636
1431 0.000000 21.854340 16.738466 280.176238
1432 -41.390000 3.029842 11.837853 140.134768
1433 -42.570000 3.024769 10.840534 117.517167
1434 -46.620000 3.022132 7.336990 53.831416
1435 -22.480000 10.958961 10.972338 120.392207
1436 -42.180000 3.056779 9.404532 88.445215
1437 -42.320000 6.273236 15.782404 249.084274
1438 -1.550000 20.550249 18.430745 339.692348
1439 -43.650000 3.269265 11.460381 131.340341
1440 -36.700000 6.960957 9.732944 94.730207
1441 -25.490000 7.527324 8.881814 78.886625
1442 -12.030000 17.110383 16.760710 280.921410
1443 -42.410000 3.054071 10.710603 114.717017
1444 -35.990000 3.048237 12.990769 168.760072
1445 -39.900000 3.057989 11.586360 134.243730
1446 -43.770000 5.726000 13.064644 170.684935
1447 -24.590000 8.275541 9.681841 93.738040
1448 -39.150000 6.273786 13.075305 170.963597
1449 -5.640000 15.987986 10.264123 105.352217
1450 -37.040000 6.430887 9.387859 88.131898
1451 -41.460000 3.035284 14.761767 217.909755
1452 -39.810000 3.078615 16.057705 257.849889
1453 -44.500000 3.122235 8.269904 68.391311
1454 -27.160000 8.015795 13.325580 177.571069
1455 -11.380000 10.586906 13.082165 171.143044
1456 -19.870000 7.562616 11.485689 131.921055
1457 -47.270000 3.083313 13.481707 181.756417
1458 -44.430000 3.448214 10.370583 107.548999
1459 -39.490000 3.083384 13.014581 169.379318
1460 -44.860000 3.111575 16.274518 264.859942
1461 -3.490000 16.876581 14.589632 212.857371
1462 -45.350000 2.935914 6.356776 40.408600
1463 0.000000 23.693677 19.376231 375.438335
1464 -28.870000 7.706479 14.051141 197.434574
1465 -43.730000 3.148107 10.757277 115.719005
1466 -42.690000 3.092084 7.649312 58.511968
1467 -20.600000 11.353203 13.527996 183.006685
1468 -33.600000 3.472717 14.189609 201.345018
1469 -12.200000 16.838805 12.910563 166.682648
1470 -17.800000 11.582990 13.816910 190.907008
1471 -44.110000 3.207290 11.185282 125.110541
1472 -41.440000 3.108140 12.897317 166.340779
1473 -21.400000 12.152860 10.507776 110.413358
1474 0.000000 21.772579 15.562460 242.190148
1475 0.000000 24.771872 16.138616 260.454923
1476 -0.730000 16.041407 12.002687 144.064484
1477 -50.210000 2.949969 7.504390 56.315873
1478 0.000000 29.773313 22.939747 526.232002
1479 -29.700000 11.194691 7.581823 57.484036
1480 -4.300000 17.766017 18.195985 331.093868
1481 -42.420000 2.971993 7.782852 60.572785
1482 -26.050000 6.912134 9.843041 96.885450
1483 -33.740000 3.105580 9.380789 87.999198
1484 -38.290000 3.018832 8.272995 68.442444
1485 -42.020000 3.347310 14.301282 204.526676
1486 -42.400000 6.284898 13.216959 174.688004
1487 -44.870000 3.026438 6.780569 45.976113
1488 -19.250000 12.282783 16.817206 282.818422
1489 -36.880000 7.268315 8.996173 80.931133
1490 -44.470000 6.863552 11.596486 134.478493
1491 -37.870000 5.390209 9.922628 98.458553
1492 -6.840000 18.754791 20.353788 414.276680
1493 -43.280000 6.469804 10.122503 102.465065
1494 -4.480000 17.223984 16.803429 282.355218
1495 -47.730000 3.962421 11.532489 132.998296
1496 -40.940000 3.149892 10.557246 111.455443
1497 -9.260000 15.895099 16.817093 282.814615
1498 -44.620000 3.116762 8.205274 67.326515
1499 -52.500000 6.359100 11.139473 124.087851
1500 -14.140000 12.253423 16.648939 277.187168
1501 -14.000000 15.776053 17.865859 319.188919
1502 -33.680000 7.368982 14.031033 196.869886
1503 -29.780000 7.367003 13.834064 191.381337
1504 -0.890000 21.208044 16.568986 274.531309
1505 -4.180000 19.579738 15.298749 234.051708
1506 -42.320000 3.153428 11.072056 122.590427
1507 -47.070000 5.955861 12.468842 155.472025
1508 -38.930000 3.120965 10.046028 100.922674
1509 -14.280000 16.846751 10.265599 105.382531
1510 -37.660000 3.087870 11.877324 141.070827
1511 0.000000 23.668164 17.309997 299.635988
1512 -47.600000 3.814881 8.063779 65.024526
1513 -0.100000 17.428632 12.256170 150.213692
1514 -42.570000 3.110131 16.387718 268.557291
1515 0.000000 6.531894 6.901991 47.637486
1516 -44.650000 3.069597 7.686792 59.086774
1517 -37.530000 3.040902 9.491596 90.090402
1518 -39.420000 3.113297 7.590323 57.612996
1519 -45.550000 3.026968 13.582526 184.485014
1520 -14.650000 12.678866 9.995116 99.902341
1521 -33.750000 7.405434 10.997880 120.953371
1522 -37.220000 7.304577 10.005930 100.118642
1523 -38.100000 3.053256 15.178346 230.382182
1524 -14.290000 13.281083 10.963631 120.201214
1525 -16.700000 14.454980 16.425026 269.781492
1526 -34.920000 2.901049 8.824953 77.879790
1527 -23.450000 10.090716 13.080892 171.109748
1528 -34.530000 5.011382 12.799186 163.819172
1529 -29.140000 6.751367 11.373240 129.350596
1530 -49.700000 3.145445 5.449109 29.692794
1531 -36.600000 3.631117 13.046574 170.213080
1532 -44.730000 3.465206 12.264238 150.411540
1533 -5.710000 18.839044 16.619711 276.214784
1534 -4.210000 18.966131 12.861270 165.412264
1535 -49.480000 3.513044 11.053022 122.169288
1536 -1.620000 21.407280 15.804708 249.788781
1537 0.000000 22.515631 14.561007 212.022926
1538 -48.700000 3.208161 14.574134 212.405389
1539 -23.390000 6.236479 7.488199 56.073119
1540 -27.700000 7.314364 14.591659 212.916518
1541 -24.650000 6.800806 11.796719 139.162580
1542 -38.340000 3.061589 9.652634 93.173334
1543 0.000000 23.887932 18.847887 355.242839
1544 -31.280000 3.742834 12.932571 167.251405
1545 0.000000 23.083301 17.211578 296.238422
1546 -42.250000 3.070734 13.566344 184.045695
1547 -44.350000 3.244439 11.451460 131.135942
1548 -42.260000 3.148067 12.433426 154.590079
1549 -28.320000 12.058285 13.469800 181.435513
1550 -42.410000 3.130841 10.334773 106.807531
1551 -16.940000 7.966307 12.726121 161.954149
1552 -1.470000 13.420396 15.261219 232.904816
1553 -39.230000 3.085718 14.105370 198.961469
1554 -40.110000 3.264561 10.713768 114.784816
1555 -39.880000 3.132399 8.976388 80.575549
1556 -41.490000 3.095651 10.988507 120.747291
1557 -41.120000 3.128896 6.311904 39.840131
1558 -21.020000 11.852018 19.902864 396.123979
1559 -40.590000 3.008297 8.808410 77.588094
1560 0.000000 25.209929 19.728428 389.210886
1561 -3.420000 17.318690 13.793518 190.261125
1562 0.000000 25.551086 19.802826 392.151906
1563 -35.270000 7.322883 11.714680 137.233732
1564 -31.540000 2.975149 9.957660 99.154997
1565 -39.570000 2.990084 12.844624 164.984372
1566 -3.860000 18.576156 14.005031 196.140890
1567 0.000000 22.834420 17.416941 303.349845
1568 -40.320000 3.823649 6.093075 37.125560
1569 -40.650000 3.104148 13.328552 177.650306
1570 -43.370000 2.955764 9.399184 88.344666
1571 -41.830000 3.069533 12.072218 145.738446
1572 0.000000 25.489074 19.226456 369.656606
1573 0.000000 21.551598 13.288901 176.594891
1574 -41.140000 2.907651 10.267828 105.428285
1575 -26.590000 7.764189 11.729322 137.576983
1576 -36.390000 6.473394 9.230085 85.194475
1577 -35.370000 7.636279 10.355710 107.240728
1578 -44.720000 7.065759 12.829322 164.591493
1579 -0.220000 29.075921 23.288028 542.332259
1580 -34.130000 3.617097 10.063890 101.281887
1581 0.000000 19.285888 14.495181 210.110284
1582 -43.630000 3.359242 12.020460 144.491448
1583 -45.020000 3.149428 9.068767 82.242532
1584 0.000000 27.623629 21.910644 480.076321
1585 -36.580000 3.039823 11.056733 122.251351
1586 -8.450000 18.423048 14.562445 212.064792
1587 -37.030000 7.116788 9.877874 97.572396
1588 -33.090000 7.726043 8.042775 64.686233
1589 -39.070000 3.017630 8.017068 64.273377
1590 -42.700000 3.097407 10.460827 109.428904
1591 -29.080000 6.520547 12.387435 153.448545
1592 0.000000 26.672973 22.674039 514.112037
1593 -36.900000 3.234706 13.069706 170.817214
1594 -39.860000 3.057722 13.553731 183.703630
1595 -37.440000 6.979818 12.612111 159.065345
1596 -39.920000 3.111183 9.983947 99.679200
1597 -42.570000 3.093734 8.807628 77.574307
1598 -0.060000 23.897342 16.953554 287.422987
1599 -26.700000 11.392476 15.023308 225.699791
1600 -47.500000 2.973907 13.076300 170.989634
1601 -17.750000 11.672701 16.447572 270.522619
1602 -31.090000 3.033305 10.415924 108.491477
1603 -1.980000 16.842117 12.320168 151.786537
1604 -32.870000 8.031363 15.471272 239.360259
1605 -3.340000 20.768310 17.290184 298.950474
1606 0.000000 21.559246 19.605630 384.380736
1607 -32.060000 5.179027 12.022579 144.542415
1608 -2.100000 19.869619 16.582074 274.965173
1609 -38.840000 2.951944 6.860477 47.066139
1610 0.000000 21.362118 17.367287 301.622665
1611 -40.530000 3.667342 15.441579 238.442350
1612 -11.550000 18.427765 19.676628 387.169692
1613 -42.310000 2.960515 10.395812 108.072917
1614 -8.350000 14.979193 15.054666 226.642958
1615 -45.720000 3.075368 7.399077 54.746347
1616 -40.740000 3.114199 11.909550 141.837376
1617 -40.400000 3.137819 10.455511 109.317712
1618 -29.710000 8.064258 11.617867 134.974822
1619 -49.470000 3.203448 6.847016 46.881625
1620 -43.410000 3.072981 13.072672 170.894743
1621 -43.970000 2.952898 7.713416 59.496789
1622 -47.590000 2.989043 9.729982 94.672541
1623 -39.410000 3.112154 12.282366 150.856521
1624 -0.480000 18.190542 16.211744 262.820657
1625 -36.540000 3.068693 8.660225 74.999497
1626 -31.750000 2.879716 11.986787 143.683067
1627 -13.230000 19.018816 17.746448 314.936430
1628 -34.000000 6.830144 10.236087 104.777485
1629 -49.080000 3.662529 14.682173 215.566214
1630 -40.020000 3.107284 8.269759 68.388909
1631 -7.590000 13.242764 16.479389 271.570253
1632 -43.250000 3.089913 15.218660 231.607609
1633 -10.980000 11.688767 16.633429 276.670960
1634 -36.040000 3.064649 10.817889 117.026712
1635 -39.690000 3.768677 12.799401 163.824677
1636 -41.770000 3.143817 10.461470 109.442351
1637 -21.420000 11.409943 10.904483 118.907754
1638 -4.770000 20.760139 18.309602 335.241511
1639 -6.780000 17.088720 10.475499 109.736082
1640 -47.160000 3.479471 9.731567 94.703405
1641 -35.360000 3.068835 14.506991 210.452788
1642 -48.100000 4.830768 9.530077 90.822358
1643 -40.330000 2.958147 12.158357 147.825652
1644 -45.530000 3.166558 9.008867 81.159685
1645 -37.620000 3.159340 13.947318 194.527668
1646 0.000000 25.392945 18.857473 355.604302
1647 -33.380000 6.970800 11.606890 134.719901
1648 -33.790000 2.850988 8.759006 76.720188
1649 -20.270000 11.482463 12.877950 165.841604
1650 -14.200000 11.171789 12.402341 153.818061
1651 -8.410000 17.499186 13.551437 183.641447
1652 -50.060000 3.027703 6.325772 40.015387
1653 -4.720000 17.064886 12.461010 155.276780
1654 0.000000 18.269003 15.258229 232.813547
1655 -48.270000 3.301466 6.098371 37.190126
1656 -6.110000 14.705770 15.037106 226.114569
1657 0.000000 23.856854 18.246577 332.937573
1658 -51.050000 3.917149 12.867876 165.582240
1659 -49.180000 3.179767 15.553859 241.922536
1660 -22.340000 8.456214 12.704155 161.395553
1661 -7.060000 13.263618 13.698665 187.653423
1662 -43.500000 3.199068 11.706062 137.031886
1663 -0.470000 22.130755 17.044996 290.531884
1664 -24.860000 8.376848 7.927240 62.841133
1665 -38.740000 2.900046 12.284450 150.907707
1666 -38.520000 3.764055 10.957064 120.057258
1667 -24.540000 6.432615 9.428428 88.895257
1668 -31.930000 7.844368 9.257595 85.703074
1669 -43.860000 2.888954 9.986271 99.725614
1670 -42.560000 2.965043 9.624952 92.639693
1671 -42.390000 3.704026 10.462002 109.453488
1672 0.000000 22.058635 16.578547 274.848222
1673 -34.530000 3.030937 12.087878 146.116790
1674 -27.940000 6.984275 11.070099 122.547089
1675 -39.720000 2.990844 13.975994 195.328395
1676 -44.380000 3.440154 11.138963 124.076486
1677 -36.380000 3.086022 10.595249 112.259300
1678 -39.260000 3.068283 10.012400 100.248156
1679 -5.080000 18.404112 16.739704 280.217680
1680 -47.890000 2.973267 9.379359 87.972370
1681 -37.600000 3.165345 9.390268 88.177140
1682 -39.470000 3.571513 12.815896 164.247190
1683 -44.000000 3.084608 13.968559 195.120653
1684 -42.130000 6.395081 6.526145 42.590572
1685 0.000000 22.371966 18.371513 337.512477
1686 0.000000 19.322985 12.835310 164.745180
1687 0.000000 19.393672 15.709745 246.796099
1688 -23.140000 7.734881 11.437108 130.807449
1689 -48.280000 3.078606 7.777836 60.494735
1690 -39.600000 7.165337 14.336809 205.544102
1691 -8.600000 17.002573 16.183964 261.920676
1692 -41.470000 3.690464 9.103694 82.877243
1693 -33.330000 3.077638 9.635906 92.850676
1694 -45.720000 2.979052 6.706181 44.972868
1695 -47.280000 3.047777 11.151046 124.345832
1696 -6.550000 20.133503 21.312796 454.235252
1697 -12.200000 20.614879 20.849196 434.688986
1698 -42.420000 2.924758 16.472257 271.335262
1699 -4.760000 24.794261 19.089469 364.407809
1700 -35.250000 3.037635 11.265932 126.921218
1701 -36.330000 5.534809 9.028483 81.513512
1702 -33.890000 7.624154 12.380722 153.282276
1703 -43.840000 2.949688 8.470652 71.751951
1704 -16.830000 11.781450 15.332867 235.096816
1705 -17.390000 7.659313 13.359661 178.480532
1706 -33.140000 6.592305 16.021922 256.701982
1707 -38.380000 3.127934 8.679872 75.340186
1708 -11.040000 11.691438 12.674162 160.634373
1709 -21.520000 8.715844 11.042964 121.947047
1710 -15.160000 12.909160 16.865353 284.440120
1711 -38.950000 3.339657 9.154866 83.811566
1712 -44.990000 3.733895 12.410004 154.008207
1713 -39.710000 3.641826 10.894105 118.681532
1714 0.000000 24.737782 19.743666 389.812336
1715 -26.030000 7.695529 13.311095 177.185255
1716 -16.090000 10.632462 15.224160 231.775033
1717 -37.450000 3.797921 10.663311 113.706196
1718 -38.990000 3.146451 13.070587 170.840248
1719 -37.810000 3.786218 13.918540 193.725767
1720 -37.100000 3.036579 10.828696 117.260667
1721 -34.040000 2.927214 7.270953 52.866752
1722 -44.870000 3.051888 9.375081 87.892152
1723 -6.700000 16.907932 14.692062 215.856680
1724 -42.800000 3.108165 10.721126 114.942550
1725 -45.850000 3.747341 6.992539 48.895605
1726 -4.420000 15.750331 14.128590 199.617055
1727 -44.740000 3.105293 14.385650 206.946927
1728 -8.400000 14.002739 15.104910 228.158291
1729 -13.740000 12.455341 16.463332 271.041311
1730 -35.460000 7.235172 9.729997 94.672833
1731 -38.470000 3.042086 12.364766 152.887444
1732 0.000000 25.065645 19.182982 367.986810
1733 -35.150000 6.929790 14.197251 201.561949
1734 -42.400000 3.131027 11.074562 122.645924
1735 -41.870000 3.185488 9.566225 91.512668
1736 -38.100000 3.072165 12.523726 156.843712
1737 -7.470000 21.813676 19.597005 384.042610
1738 -44.400000 3.121058 15.722107 247.184647
1739 -40.030000 3.765524 9.056815 82.025898
1740 -9.680000 16.898097 11.937095 142.494240
1741 -26.970000 7.853070 11.763483 138.379541
1742 -10.710000 16.716106 13.677166 187.064863
1743 -38.130000 3.578636 13.391894 179.342820
1744 -46.910000 6.683396 10.938760 119.656478
1745 -40.310000 3.131040 10.468601 109.591613
1746 -40.070000 2.867683 8.048349 64.775917
1747 -29.520000 6.098780 8.865959 78.605225
1748 0.000000 16.455139 13.308389 177.113227
1749 -38.590000 3.798286 12.892877 166.226286
1750 -47.530000 6.616677 5.688489 32.358912
1751 -40.640000 3.112421 13.087587 171.284945
1752 -38.470000 2.912983 8.406026 70.661279
1753 -5.020000 20.968489 14.588944 212.837282
1754 -34.950000 3.051895 13.705299 187.835215
1755 -36.500000 7.255884 11.576120 134.006554
1756 -47.950000 3.000396 10.384595 107.839819
1757 -34.520000 3.670603 13.799459 190.425081
1758 -47.590000 2.941908 11.702355 136.945108
1759 0.000000 26.949681 18.081189 326.929386
1760 -22.180000 10.055205 12.990201 168.745320
1761 -29.010000 7.040730 10.123024 102.475621
1762 -22.060000 11.223270 12.162760 147.932728
1763 -45.210000 3.087297 14.483363 209.767816
1764 -32.310000 3.070109 11.752877 138.130110
1765 0.000000 25.230547 17.974417 323.079671
1766 -38.500000 4.391693 4.848717 23.510053
1767 0.000000 19.546058 14.974888 224.247256
1768 -36.480000 2.913960 8.192431 67.115920
1769 -44.340000 2.940480 10.784989 116.315981
1770 -24.060000 7.041438 13.962900 194.962587
1771 -52.710000 3.015654 8.747766 76.523414
1772 -34.440000 6.267534 12.293647 151.133757
1773 -39.910000 6.456500 7.699905 59.288531
1774 -35.850000 3.043977 10.569531 111.714993
1775 -6.930000 13.240189 14.024002 196.672623
1776 -53.330000 3.055092 7.681664 59.007955
1777 -19.650000 11.024095 12.758931 162.790329
1778 -16.180000 12.489422 17.688145 312.870469
1779 -18.280000 10.241338 12.269086 150.530473
1780 -43.830000 3.333944 9.391826 88.206396
1781 -50.920000 2.972566 10.052728 101.057344
1782 -3.910000 13.209749 11.139640 124.091585
1783 -15.610000 11.560260 12.947504 167.637861
1784 -41.030000 2.990367 12.665101 160.404786
1785 -43.750000 3.060402 12.502476 156.311917
1786 -23.710000 7.430481 11.315122 128.031986
1787 -38.700000 3.084960 9.837803 96.782374
1788 0.000000 16.792788 12.055708 145.340091
1789 -45.020000 7.359753 11.937538 142.504820
1790 -1.630000 16.398212 15.936597 253.975127
1791 -28.000000 7.922752 8.675765 75.268893
1792 -48.320000 6.499855 10.331500 106.739893
1793 -17.100000 11.103816 14.964861 223.947078
1794 -0.100000 23.818164 18.555712 344.314447
1795 -41.170000 3.618786 10.350268 107.128044
1796 -40.710000 3.012439 12.783897 163.428014
1797 -24.980000 10.121897 9.408049 88.511385
1798 0.000000 19.329135 15.462482 239.088346
1799 -43.850000 6.855087 8.204190 67.308729
1800 -26.500000 6.577016 11.672591 136.249377
1801 -43.040000 3.099103 10.519617 110.662352
1802 -28.500000 7.430054 8.762358 76.778914
1803 -1.640000 19.584194 16.151404 260.867854
1804 -44.690000 3.051761 8.285784 68.654212
1805 -37.830000 3.049518 10.408836 108.343860
1806 0.000000 18.923067 12.020962 144.503537
1807 -38.380000 3.002338 11.741591 137.864962
1808 -40.900000 3.079811 9.726297 94.600861
1809 -5.780000 20.997689 19.437511 377.816832
1810 -39.120000 7.308608 7.910302 62.572880
1811 -25.330000 8.552887 12.764840 162.941144
1812 -7.720000 17.780854 14.874988 221.265268
1813 -51.770000 3.173765 12.460192 155.256390
1814 -42.030000 3.029438 11.187825 125.167424
1815 -25.980000 7.105859 10.508679 110.432340
1816 -47.670000 3.202778 12.444616 154.868457
1817 0.000000 21.590675 15.339835 235.310539
1818 -31.420000 7.698726 12.790642 163.600532
1819 -29.200000 6.097440 13.474124 181.552022
1820 -39.220000 2.963988 10.005798 100.116001
1821 0.000000 15.043934 10.972356 120.392587
1822 -20.320000 12.041369 12.857946 165.326776
1823 -40.490000 7.268604 12.372130 153.069609
1824 -33.180000 2.970873 11.651560 135.758844
1825 -34.100000 7.154625 14.219536 202.195199
1826 -41.570000 6.656906 12.264736 150.423756
1827 -37.720000 6.669139 14.129486 199.642362
1828 0.000000 25.847242 20.749298 430.533373
1829 -40.570000 3.146351 11.708300 137.084296
1830 -6.600000 16.593485 16.844997 283.753929
1831 -43.900000 3.062124 11.098571 123.178284
1832 -19.260000 6.751193 12.481222 155.780907
1833 -32.750000 3.036929 12.307584 151.476633
1834 -37.580000 3.137972 9.224870 85.098230
1835 0.000000 20.610078 16.355756 267.510739
1836 0.000000 23.438157 18.172900 330.254311
1837 -25.460000 8.110339 12.207803 149.030454
1838 -49.440000 3.412156 12.985991 168.635963
1839 -40.490000 3.080211 14.992367 224.771080
1840 -43.180000 7.193140 11.562428 133.689750
1841 -28.290000 6.527295 12.680997 160.807687
1842 -5.310000 18.126471 15.843740 251.024095
1843 -40.060000 3.141834 9.851895 97.059840
1844 0.000000 19.702364 13.304130 176.999864
1845 -42.400000 2.950571 11.566549 133.785060
1846 -35.180000 3.084197 10.421104 108.599418
1847 -21.890000 8.060753 11.407484 130.130689
1848 -38.010000 3.094029 13.584955 184.551006
1849 -38.430000 3.019082 9.434699 89.013550
1850 -9.200000 14.562048 16.691459 278.604813
1851 -44.660000 3.056264 9.228952 85.173554
1852 -45.150000 2.946026 13.596636 184.868504
1853 0.000000 20.424718 13.588750 184.654129
1854 -13.170000 17.923387 16.079674 258.555923
1855 -35.030000 2.965335 11.365964 129.185143
1856 -36.900000 7.057555 12.556685 157.670343
1857 -4.280000 19.044092 17.930788 321.513165
1858 -40.720000 3.817864 9.430875 88.941405
1859 -41.690000 3.579768 10.587209 112.088984
1860 -21.010000 11.986945 16.752248 280.637814
1861 -32.010000 7.100858 11.137373 124.041078
1862 -1.400000 22.193771 18.167762 330.067565
1863 -41.070000 2.877373 11.385912 129.638987
1864 -40.270000 3.001314 10.914141 119.118470
1865 -3.860000 21.196395 17.255618 297.756358
1866 -43.880000 3.090820 6.581186 43.312006
1867 -42.800000 3.016197 10.614958 112.677329
1868 0.000000 27.030948 22.682140 514.479464
1869 -32.500000 5.784141 9.936222 98.728505
1870 -39.520000 3.070485 13.815658 190.872403
1871 -36.730000 3.045539 11.462744 131.394506
1872 -42.040000 2.998342 12.747356 162.495097
1873 -34.030000 6.900478 10.543257 111.160276
1874 0.000000 25.341117 18.526956 343.248111
1875 -2.380000 15.537204 11.382631 129.564277
1876 -0.970000 20.621591 16.634218 276.697205
1877 -19.130000 11.348732 9.525138 90.728263
1878 -43.690000 3.081335 9.999986 99.999725
1879 -36.430000 3.079140 11.703326 136.967834
1880 -34.070000 2.935192 12.639057 159.745764
1881 0.000000 26.787043 18.921355 358.017685
1882 -30.150000 6.172351 12.863063 165.458385
1883 -3.790000 16.611976 13.542249 183.392503
1884 -33.320000 6.584694 11.840496 140.197341
1885 -34.400000 3.067092 12.286319 150.953626
1886 -37.800000 3.070577 8.307264 69.010633
1887 -42.870000 2.971272 9.022089 81.398093
1888 0.000000 20.297522 16.859996 284.259464
1889 -0.460000 16.531071 14.786387 218.637249
1890 0.000000 16.821168 14.233381 202.589145
1891 -41.910000 5.887561 12.980705 168.498714
1892 -44.190000 3.047780 11.441371 130.904966
1893 -48.210000 5.416617 14.129908 199.654298
1894 -49.030000 3.128581 7.594354 57.674212
1895 0.000000 24.664576 15.421293 237.816273
1896 -38.550000 2.879955 13.562812 183.949858
1897 -45.550000 3.200479 10.112639 102.265470
1898 -51.970000 3.223006 13.601551 185.002197
1899 0.000000 29.834394 20.237405 409.552551
1900 -36.550000 6.877822 12.814025 164.199226
1901 -32.790000 8.250351 11.204502 125.540858
1902 -40.070000 3.101024 9.788337 95.811551
1903 -28.410000 7.123525 13.747199 188.985487
1904 -39.940000 2.979189 9.482303 89.914068
1905 -11.700000 9.163544 14.444293 208.637589
1906 0.000000 27.528432 20.062630 402.509113
1907 -41.310000 8.304939 10.542150 111.136927
1908 -38.220000 2.958616 8.418504 70.871205
1909 -27.010000 11.453003 14.089834 198.523411
1910 -37.870000 3.027227 10.437268 108.936571
1911 0.000000 20.961510 18.682372 349.031029
1912 -6.910000 12.481087 14.552153 211.765156
1913 -18.950000 12.482651 6.957079 48.400947
1914 -26.080000 8.269499 10.122471 102.464424
1915 -28.650000 8.041523 10.621857 112.823844
1916 -43.460000 2.981692 10.560395 111.521938
1917 -1.660000 16.013527 16.333487 266.782796
1918 -32.930000 7.101330 11.992687 143.824538
1919 -47.780000 3.043887 8.287359 68.680312
1920 -39.930000 3.041704 13.897213 193.132540
1921 -19.940000 7.849536 7.621839 58.092437
1922 -33.070000 6.731565 13.483838 181.813882
1923 -46.210000 7.221511 10.382114 107.788293
1924 0.000000 27.082109 17.983111 323.392288
1925 -40.650000 6.655503 11.650433 135.732580
1926 -5.270000 16.361597 14.196312 201.535271
1927 -41.910000 2.998501 10.384760 107.843242
1928 -43.230000 2.947985 9.329863 87.046352
1929 -40.780000 6.348602 12.530105 157.003538
1930 -10.700000 16.775183 15.533263 241.282274
1931 -37.670000 6.245785 8.643337 74.707276
1932 -47.860000 2.997866 9.928835 98.581773
1933 -34.770000 3.032167 10.917416 119.189961
1934 -12.380000 12.214458 9.547099 91.147098
1935 -22.950000 12.638574 15.641332 244.651265
1936 -37.160000 3.099580 13.029012 169.755158
1937 -40.360000 3.074559 10.273804 105.551056
1938 0.000000 24.396276 21.903656 479.770162
1939 -40.240000 3.080748 12.228632 149.539435
1940 -25.690000 6.345108 13.008112 169.210975
1941 -2.110000 15.998843 16.074272 258.382231
1942 -33.440000 3.097799 11.975383 143.409804
1943 -41.300000 3.121216 11.462188 131.381765
1944 -45.800000 2.945652 7.500038 56.250567
1945 -40.470000 3.067877 9.361920 87.645537
1946 -40.920000 2.997436 11.243629 126.419200
1947 -47.100000 3.150772 10.723039 114.983576
1948 -38.140000 3.073136 12.252537 150.124671
1949 -21.260000 8.780862 13.336383 177.859109
1950 -41.370000 3.835155 11.532525 132.999136
1951 0.000000 22.716300 20.731744 429.805192
1952 -22.460000 12.286960 11.856021 140.565232
1953 -45.190000 3.082409 9.664998 93.412186
1954 -33.150000 3.054535 9.813952 96.313659
1955 -37.710000 7.136692 11.365483 129.174214
1956 0.000000 23.838350 17.956471 322.434856
1957 -35.040000 3.067344 12.535982 157.150842
1958 -46.280000 3.113889 12.571071 158.031817
1959 -9.810000 16.334676 17.194244 295.642011
1960 -0.660000 22.903504 19.564156 382.756200
1961 -0.650000 17.746161 16.636802 276.783192
1962 -36.300000 3.039801 9.582140 91.817398
1963 -49.330000 3.745332 8.538656 72.908639
1964 0.000000 19.171306 14.577861 212.514037
1965 -41.460000 7.458838 12.059610 145.434184
1966 -32.520000 7.054553 12.932298 167.244327
1967 -38.540000 6.303059 10.644700 113.309638
1968 -27.030000 9.573956 10.314851 106.396159
1969 -47.570000 3.143518 12.437957 154.702769
1970 -7.320000 16.529260 13.656900 186.510924
1971 -49.590000 3.105124 7.505230 56.328483
1972 -25.850000 7.103212 16.417469 269.533273
1973 -41.220000 3.843748 12.447664 154.944328
1974 0.000000 23.601017 18.692149 349.396431
1975 -41.330000 6.219234 11.289920 127.462303
1976 -33.560000 3.008397 9.263275 85.808266
1977 -44.610000 3.069993 11.342496 128.652216
1978 -38.330000 3.129514 14.016980 196.475732
1979 -46.460000 3.098563 11.189188 125.197939
1980 -3.730000 16.897460 13.770215 189.618809
1981 -14.650000 12.094327 13.724997 188.375530
1982 0.000000 21.398351 15.938626 254.039795
1983 -2.510000 21.040894 16.873739 284.723082
1984 -31.890000 3.648542 13.354658 178.346884
1985 -41.350000 3.138191 13.303827 176.991816
1986 -35.830000 6.441848 11.300915 127.710684
1987 -15.130000 19.222976 19.082947 364.158863
1988 -37.960000 3.107796 10.902897 118.873167
1989 -41.030000 6.718977 12.974244 168.330999
1990 -5.500000 16.911455 16.486348 271.799662
1991 0.000000 19.422412 13.250337 175.571419
1992 -0.190000 20.392968 16.376273 268.182305
1993 0.000000 26.896321 16.391030 268.665866
1994 -44.720000 2.968708 9.338853 87.214179
1995 -0.340000 21.547183 16.901376 285.656515
1996 -15.960000 11.325734 13.130623 172.413250
1997 -31.830000 6.914649 8.555023 73.188418
1998 -42.980000 3.056309 10.264439 105.358712
1999 0.000000 22.591924 16.405118 269.127907
2000 -42.870000 3.784539 13.031744 169.826357
2001 -39.620000 2.941947 6.411925 41.112777
2002 -25.930000 6.508893 9.534854 90.913449
2003 0.000000 20.855302 12.546878 157.424148
2004 -46.740000 3.404637 9.078550 82.420078
2005 -38.120000 3.878571 8.780764 77.101810
2006 -9.930000 16.880079 14.135232 199.804780
2007 -40.940000 3.060748 9.958035 99.162455
2008 -39.920000 3.026639 15.243848 232.374894
2009 -27.680000 4.726175 14.715437 216.544098
2010 -7.940000 20.831862 19.091972 364.503408
2011 0.000000 22.482409 18.123093 328.446512
2012 -44.070000 3.816963 15.376935 236.450134
2013 -49.770000 3.449854 13.827221 191.192037
2014 -8.520000 19.076602 17.123236 293.205205
2015 -30.280000 10.258539 12.420368 154.265552
2016 -45.540000 3.113601 12.363602 152.858662
2017 -44.940000 3.607351 10.532723 110.938254
2018 -16.390000 11.950147 11.690274 136.662504
2019 -31.420000 7.537923 11.127713 123.825997
2020 -41.240000 6.096160 12.379624 153.255098
2021 -50.840000 3.033740 11.145029 124.211675
2022 -16.420000 10.641087 10.866901 118.089541
2023 -40.420000 2.907343 7.521948 56.579699
2024 -25.590000 3.712332 10.796229 116.558565
2025 -47.620000 5.199334 13.003010 169.078265
2026 -34.520000 7.035394 7.233809 52.327997
2027 0.000000 22.885279 17.084626 291.884434
2028 0.000000 20.373851 14.604921 213.303714
2029 -40.910000 2.971060 10.911675 119.064655
2030 0.000000 24.970810 17.412426 303.192565
2031 -40.510000 3.081308 11.034897 121.768951
2032 -36.160000 10.170965 10.521209 110.695828
2033 -9.050000 16.449864 13.429109 180.340958
2034 -1.120000 20.925228 17.400389 302.773525
2035 -10.170000 15.768570 15.733410 247.540184
2036 -41.600000 6.549636 10.889776 118.587220
2037 -40.320000 2.895799 8.062457 65.003209
2038 -42.710000 3.110996 7.521456 56.572305
2039 0.000000 24.073292 18.330610 336.011251
2040 -5.540000 13.773523 17.124798 293.258692
2041 -50.450000 3.032252 9.422285 88.779450
2042 -40.120000 3.020088 14.339682 205.626473
2043 -34.790000 6.850359 10.517514 110.618104
2044 -40.530000 3.102036 10.122009 102.455065
2045 -39.010000 3.134072 12.416023 154.157634
2046 -45.260000 3.358201 8.879825 78.851290
2047 -7.450000 16.002908 11.392848 129.796983
