-38.070000,-0.124791,-0.071810
-5.350000,1.002202,-0.308169
-32.760000,-0.372596,1.249905
0.000000,0.032177,1.275096
-34.650000,-0.311048,-0.250099
-14.750000,0.927861,1.447522
-20.950000,-0.164951,0.518914
-39.410000,1.051517,0.336778
-12.430000,-0.182746,0.094864
-33.930000,0.455657,0.143873
-7.800000,1.252750,0.352398
-12.780000,-0.258720,1.150160
-34.960000,0.196437,1.024023
0.000000,0.150772,-0.089031
-13.430000,-0.863029,0.643632
-38.570000,-0.326698,1.216836
-42.400000,0.039936,0.694352
-42.430000,-0.611752,0.466974
-45.140000,0.018936,0.992711
-41.340000,-0.453855,0.817128
-35.400000,-0.266767,-0.263117
-37.950000,-0.417077,0.367154
-49.170000,-0.103042,-0.486817
-35.710000,0.083661,0.151494
-45.470000,0.564424,-1.058167
-14.920000,0.354472,-0.078556
-42.860000,0.231545,0.819044
-42.880000,-0.391353,-0.011169
-34.850000,0.759666,-1.145369
-37.530000,0.167625,-0.438332
-2.060000,1.758320,-0.197016
-40.010000,0.976570,-0.987220
-8.570000,-1.408350,0.740186
-7.890000,-1.287536,1.171786
-41.930000,0.635131,0.754573
-40.340000,0.124308,-0.007667
0.000000,-0.016046,-0.774388
0.000000,0.744569,0.774437
-42.150000,-0.127720,-0.445607
-6.770000,-1.555877,-1.086675
-33.640000,0.389821,-0.094943
-1.710000,-0.333051,1.020035
-42.780000,-0.721166,1.086936
0.000000,1.380390,0.167004
-38.900000,-1.026216,-1.000999
-45.570000,-0.187599,1.072794
-35.430000,0.049770,-0.443621
-9.160000,-0.644690,0.361573
-39.010000,0.131470,-0.577478
-9.790000,0.440702,1.271522
-49.620000,0.742876,0.587008
-41.670000,0.352452,0.119677
-42.380000,1.203728,-0.453819
0.000000,0.915057,-0.227151
-37.850000,0.315253,0.522229
-46.300000,0.766225,-0.021302
-43.150000,-0.753361,0.538247
-14.280000,0.118824,0.348349
-36.520000,-0.579192,-0.308531
-38.910000,-0.072852,-0.104966
-24.520000,-0.173203,0.569499
-41.220000,1.630485,-0.864736
-2.950000,0.046582,-0.431509
-41.810000,-1.327750,-0.465219
-41.920000,-0.644106,0.873440
-23.990000,-0.309284,-1.379582
-41.920000,-0.751369,1.003064
-16.700000,-0.079666,-0.609338
-37.500000,-0.563562,0.906277
-38.440000,-0.705564,0.558860
-1.210000,-0.451441,-1.590302
-46.830000,-0.951326,0.069825
-41.370000,-0.326691,1.048671
-15.040000,-0.285898,1.136140
-20.880000,-0.765971,-0.527563
-1.090000,-0.257906,-0.468672
-42.140000,-0.377071,0.475638
-7.110000,-0.501990,1.091670
-45.780000,-0.780528,0.522051
-8.660000,0.010634,1.343242
-4.730000,-0.358292,-0.938159
-4.530000,-0.443753,0.648159
-41.890000,-0.906886,-0.227910
-3.580000,1.527280,0.239443
-47.990000,-1.922809,0.447005
-26.240000,-0.424903,0.218574
-41.640000,0.006462,1.246970
-3.980000,-0.306037,1.635045
0.000000,-0.827019,0.005520
-44.630000,-0.593468,-0.239153
0.000000,-0.972491,0.570103
-54.370000,0.432945,0.486989
-11.100000,-0.321304,-0.118365
-0.270000,-0.151381,-0.796092
-16.490000,0.780244,-0.641353
-38.780000,0.789048,-0.167298
-44.060000,-0.826977,0.123751
-31.380000,-0.890303,0.293926
-42.360000,1.173681,-0.055386
-7.150000,0.949451,-0.259197
0.000000,0.396974,-0.023149
-12.100000,-0.736243,-0.954724
0.000000,-0.127861,-0.765536
-48.550000,-0.496380,-1.090065
-8.290000,0.700620,0.394027
-6.380000,-0.055622,0.564022
-40.720000,0.086960,0.048558
0.000000,-0.542853,1.100629
-34.110000,0.756878,-0.387847
-4.040000,0.680827,0.198670
-33.230000,0.715003,-0.513056
-38.590000,-0.091333,0.834576
0.000000,0.142512,-0.391077
-19.450000,0.933969,-0.113709
-40.440000,-1.772653,0.721816
-34.020000,0.572290,-0.278603
-27.410000,-0.577849,-0.182138
-45.740000,-0.190432,-0.678661
-1.230000,-0.601510,-0.748843
-15.660000,0.088601,-0.635989
-44.840000,-0.005695,-0.426189
-42.330000,0.498045,-0.518477
-35.120000,1.286698,-1.191212
-13.260000,0.729992,-0.009837
-29.890000,-0.837637,-0.350008
0.000000,-0.491100,0.423135
-9.080000,0.072134,-1.853967
-9.230000,-0.495515,-0.277715
-5.070000,-0.776425,1.407032
-34.700000,0.359067,0.969646
-28.580000,0.801099,0.330417
-0.360000,-0.340615,0.239177
-45.350000,0.445848,-0.648180
-39.530000,0.636609,0.908942
-38.620000,-1.148152,-0.053318
-40.090000,0.496062,0.154451
0.000000,-1.180027,0.428526
-32.330000,-0.609549,-1.050968
-44.790000,0.487126,-1.449351
-27.250000,0.678404,-0.210797
-35.090000,0.559022,0.660462
-49.620000,0.123351,0.045939
-43.740000,-0.763631,-0.917030
-36.560000,0.784723,0.137161
-39.770000,0.471293,-0.664661
-2.440000,0.380637,0.458128
-47.490000,-0.079578,-0.465211
-49.950000,0.878132,1.346412
-43.120000,0.389867,-0.562091
-1.290000,-0.184993,0.275360
-42.760000,0.221547,0.701942
-41.730000,-0.528432,-0.572439
-43.790000,-0.525513,-0.284134
-2.950000,1.415040,-0.408614
-41.050000,-0.902180,-1.480354
-10.330000,-0.296637,0.687703
-20.730000,-0.407617,0.266682
-7.490000,-0.183159,0.989648
-10.950000,0.237691,-1.314394
-23.640000,-0.035857,0.145841
-34.540000,-0.109796,-0.368253
-52.290000,-0.546106,0.079351
-34.210000,1.248141,-0.394808
-36.220000,0.769071,-0.779887
-43.150000,-0.390433,-0.183989
-39.060000,0.309393,-0.470118
-0.240000,-1.945325,-0.054268
-34.480000,-0.917945,-0.609482
-45.850000,-1.243638,-0.417051
-17.990000,-0.234220,-0.572385
-11.090000,-1.224055,-0.378244
-10.700000,-0.811156,-0.768335
-2.040000,1.006513,-1.626940
-13.240000,1.130269,0.006578
-37.770000,0.974155,0.186569
-28.060000,-0.042073,0.139396
-37.130000,0.037320,-0.722454
-42.510000,0.794356,0.680014
-44.050000,0.555818,-1.272355
-43.300000,0.846276,-0.618956
-1.860000,0.520176,-0.461813
-33.230000,-1.394713,-0.116703
-7.430000,0.079864,0.211820
-39.910000,-1.248227,0.433663
-29.840000,-0.168158,-0.517406
-41.550000,0.496591,0.217437
-9.230000,-1.589683,-0.413592
-25.250000,1.760190,-0.456654
-28.250000,0.521160,0.489965
0.000000,0.026946,0.054247
-42.820000,0.208141,0.325215
-46.120000,-0.074754,0.687316
-37.150000,0.409209,0.311490
-45.300000,0.671402,0.431209
-38.870000,1.080584,0.212891
-40.800000,0.614433,-0.056726
-41.760000,0.005413,0.153422
-31.110000,-0.248971,1.455256
-41.200000,-0.058331,-1.205929
-40.210000,0.463833,-0.370596
-36.650000,0.702886,-0.002460
-34.480000,-0.388758,0.556056
-14.520000,-1.066451,-0.734076
-42.000000,0.347554,-0.241100
0.000000,0.372954,0.987337
-41.090000,0.693513,-0.448930
-38.180000,0.101415,-0.431813
-40.930000,-0.283323,0.564519
-36.660000,1.137491,-0.557807
-2.680000,0.142122,0.194735
-41.430000,-1.374559,0.407738
-40.340000,1.066227,0.105051
-32.910000,0.113821,0.840131
-39.080000,-0.647417,-0.993514
-2.560000,-0.590513,-1.977389
-43.300000,0.244985,0.020365
-44.990000,0.313275,0.568232
-36.920000,0.345731,0.053149
-12.870000,0.124123,-1.063873
-1.610000,0.520668,-0.303053
-37.320000,0.298176,0.613108
-46.580000,0.033831,-1.247526
0.000000,-0.427585,0.436632
-16.950000,-1.032584,-0.067749
0.000000,0.018934,-0.507212
-0.900000,-0.988534,0.211905
-1.440000,-0.497374,-0.141897
-27.040000,0.750715,0.020576
-40.290000,0.774701,1.459377
-8.840000,0.284658,0.730362
-44.740000,-0.585087,-0.062993
-35.800000,-0.633087,-0.897438
-42.650000,1.360657,0.944234
-43.940000,-0.290385,0.362627
0.000000,0.126969,0.349902
-34.220000,0.312677,0.904801
-32.970000,1.179412,-0.896013
-23.710000,1.094857,-0.872360
-37.550000,-0.051249,-0.083243
-43.550000,-0.947099,0.570198
-0.930000,0.780535,0.182697
-41.820000,-0.260447,-0.166787
-37.960000,0.038390,1.233665
-34.460000,1.526949,-0.477953
-41.080000,0.125467,0.060239
-41.260000,-0.976652,0.350617
-37.740000,1.310638,0.194953
-39.560000,-0.498260,0.201869
-18.180000,-0.039548,-0.062717
-36.640000,1.249446,0.308664
-37.890000,-0.808097,0.361869
-44.120000,-0.671438,-0.512137
0.000000,1.016238,0.400416
-22.870000,0.852844,0.350819
-30.970000,0.324500,-0.555712
-49.310000,0.263356,-1.417638
-21.550000,-0.131837,-0.144161
-40.750000,0.014574,-0.725944
-39.170000,-0.464923,0.933625
-4.420000,-0.273550,-1.089320
-43.210000,0.372954,0.153619
-40.180000,-0.220226,-1.162156
0.000000,-1.041070,0.098607
-43.370000,0.530288,0.093103
-32.920000,0.487125,-0.729944
-39.170000,-1.044607,-0.125275
-29.640000,0.170197,-1.037553
-42.000000,0.237636,0.245777
-18.690000,0.426621,-1.109948
-46.010000,0.455660,0.462100
-11.570000,0.379959,-0.191222
-38.440000,0.337144,0.231149
-43.630000,1.235150,0.575963
0.000000,-0.399145,0.152534
-7.570000,0.672363,0.152562
-7.700000,0.532682,-1.280567
-43.020000,-0.099903,0.806173
0.000000,-0.273277,-0.003875
-2.730000,1.592565,-0.063614
-44.330000,0.384593,0.142923
-23.620000,1.644510,-0.177681
-39.880000,0.155162,0.527637
-39.490000,-0.444838,0.918022
-49.240000,0.000849,-0.749259
-32.750000,-0.766624,-0.778172
-47.720000,0.863579,-0.888928
-41.500000,-1.293439,0.702362
0.000000,-0.158545,0.885731
-44.650000,0.599835,-0.379354
-18.350000,-0.232803,0.788391
-39.820000,0.143544,-0.349943
-7.740000,1.457219,-0.563099
-40.500000,-0.578878,-0.973195
-33.110000,0.494018,-0.106556
-44.480000,0.147259,-0.295237
-40.600000,1.248343,-0.727900
-10.770000,-0.645054,0.020899
-39.580000,-0.143624,0.305584
-0.670000,0.201377,-0.336141
-36.640000,-0.709536,-0.047624
-40.850000,0.797159,-0.007587
-5.380000,0.410910,-0.626950
-39.180000,-1.002315,-0.489675
0.000000,-0.652017,-0.053232
-43.690000,-0.475551,-0.285556
-42.110000,-0.260213,-0.005378
-41.510000,-0.075410,0.561278
-42.260000,0.822636,0.554074
-25.740000,0.326390,-0.018616
-36.230000,0.834566,-0.465399
-36.320000,0.299510,0.781128
-13.130000,-0.517268,0.700112
-26.760000,0.452820,0.024473
-38.040000,1.632186,1.078848
0.000000,-0.168267,0.716273
-15.740000,-0.454754,1.265462
-39.190000,-0.553957,-0.068505
-16.050000,1.148587,-1.636518
-36.000000,0.426857,-0.024478
-42.090000,0.302140,-1.544467
-32.130000,-0.228068,-0.055628
-41.600000,-0.368729,-2.066750
0.000000,-0.530249,0.473475
-8.950000,1.108527,0.012761
-4.320000,1.043163,0.493972
-40.610000,-0.082504,1.201542
-30.540000,-1.380753,0.103028
-30.800000,-0.334079,0.430800
-37.910000,0.447391,0.123367
-44.670000,-0.910545,0.145481
-36.790000,-0.131424,0.729523
-44.020000,0.727264,0.335184
-5.180000,0.427959,0.369354
-44.600000,0.421402,0.334810
-43.500000,-1.039291,0.242892
-28.870000,-0.874516,0.230459
-38.520000,-0.804654,-0.097276
-44.170000,-0.700590,-0.127200
0.000000,0.474965,-0.111732
-36.580000,0.322570,-0.480404
-1.560000,-0.732726,-0.049054
-7.120000,-0.016549,-0.285388
-4.540000,-1.352837,0.147089
-13.600000,-0.998591,-1.957644
-15.620000,0.385998,-0.017078
-43.920000,-0.876721,-0.680139
-44.310000,0.253482,0.726204
-4.630000,-1.017477,0.095129
-36.620000,-0.395196,0.509280
-10.730000,0.507460,0.154497
-0.310000,-0.693188,-0.368201
0.000000,1.137698,-1.367274
-35.460000,-1.073343,-0.192893
0.000000,0.513162,-0.542989
-16.850000,0.913842,1.094780
-45.220000,0.095519,1.487987
-4.380000,-0.354433,0.386177
-43.770000,-0.706034,-1.208015
-41.800000,-0.458368,-0.096414
-40.090000,-0.749755,0.471378
-27.470000,-0.169670,0.728457
-35.460000,0.588183,0.504739
-30.660000,0.192491,0.350983
-28.570000,1.014240,0.563579
-29.630000,0.773540,-0.550499
-43.390000,-0.163339,-0.222188
-40.290000,0.424867,0.521512
0.000000,-0.628744,0.937064
-39.330000,0.763231,1.197288
-40.310000,0.368501,0.544593
-38.920000,-1.045859,0.466416
-36.410000,0.762081,-0.693763
-46.650000,1.011889,-0.693502
-8.080000,0.785794,-0.725635
-41.080000,0.730157,-0.242541
-28.810000,0.634330,1.554553
-43.120000,0.632169,-0.184759
-37.770000,-0.355705,0.051704
0.000000,-0.772592,0.241685
-52.710000,-1.507843,-0.052386
-10.740000,-0.637628,0.170537
-29.900000,-0.414729,0.202198
-12.710000,-0.944379,-0.239106
-46.820000,-0.387934,0.460326
-1.350000,0.956989,0.059980
-37.950000,0.440572,-1.363073
-34.450000,1.340797,0.014913
0.000000,-0.539673,-0.655353
-30.580000,-0.018626,-0.383809
-25.640000,0.538874,1.087116
-44.250000,0.109973,0.790810
0.000000,0.084556,0.489579
-51.380000,-1.010601,-0.680223
-25.610000,0.632351,1.654276
-14.210000,0.062483,0.430128
-38.760000,0.038031,-0.089950
-21.940000,0.794169,-0.498800
-39.350000,-0.408244,-0.982703
-37.910000,0.261629,-0.177178
-44.250000,0.081201,-0.239234
-44.580000,0.463862,-0.311126
-40.290000,-0.677788,-0.056776
-39.630000,0.387571,0.516102
0.000000,0.500650,-0.956106
-38.050000,0.079316,0.100821
-0.190000,-0.010126,0.742019
-29.700000,0.191587,-1.091421
0.000000,0.797675,0.419728
0.000000,-0.253608,-0.981848
-8.350000,0.941230,-1.312617
-11.900000,-0.617766,0.649726
-41.470000,0.054298,1.352958
-36.530000,0.443600,0.145594
-35.540000,0.659832,-0.084079
-44.400000,0.003853,-0.811979
-41.620000,0.527131,0.446365
-7.250000,0.280080,-0.482989
-29.710000,0.066945,1.227032
-40.100000,0.277476,-0.412934
-7.320000,-0.964379,-0.906939
-44.320000,-0.633868,0.213065
-40.350000,-0.759838,0.058249
-32.920000,0.343993,-0.010605
-17.260000,0.560119,-0.219576
-43.370000,0.156843,0.108393
-37.880000,0.110357,0.861835
-33.350000,0.223786,-1.189005
-40.960000,0.582162,0.216708
-18.480000,-0.042575,0.603451
-8.020000,-0.892053,-0.341384
0.000000,0.669414,1.026741
-3.670000,0.616070,-0.243924
-39.370000,-1.293185,0.478559
0.000000,0.161908,-0.171871
-39.320000,0.769158,0.394842
-40.140000,0.239714,1.376214
-29.680000,-0.138962,-0.551204
-30.580000,-1.130383,-0.850479
-33.800000,0.340168,0.192742
-40.700000,-1.524286,0.018105
-49.800000,0.436793,0.777916
-10.130000,-0.325774,-0.811405
-39.230000,-1.354053,-0.926756
-10.600000,-0.564327,-0.200914
-39.660000,0.831055,0.338378
-17.630000,-0.409709,-0.368371
-5.740000,0.218049,0.034690
-3.550000,0.527605,-0.345162
-11.280000,0.358474,1.357353
-46.160000,-0.382108,-0.756817
-6.570000,-0.158704,0.876824
-42.150000,1.166211,1.569456
-16.230000,0.734843,0.401852
-22.560000,0.114549,-0.505191
-40.090000,1.033966,-1.420607
-33.940000,-0.706161,-0.115457
-1.250000,-0.787616,-0.704564
-39.200000,-1.224878,-0.733933
0.000000,-0.439451,0.848418
-35.490000,-0.739854,-0.992271
0.000000,1.440623,-0.654087
-40.190000,-0.109304,-0.023266
-43.020000,-1.153237,0.562006
-20.690000,0.340215,0.055727
-39.670000,-0.203721,0.999644
-1.050000,-0.212999,-0.646723
-43.100000,1.315970,0.352675
-40.510000,-1.065678,-0.375561
-45.010000,-0.590316,-0.369533
-21.120000,0.054554,0.455780
0.000000,0.650904,-0.613562
-15.230000,-0.229508,1.413634
-42.000000,0.923386,0.839382
-23.260000,0.094395,0.884789
-28.930000,0.524361,-0.140289
-21.880000,-0.118174,0.706279
-36.450000,1.252984,0.367218
-31.340000,-0.680103,-0.821819
-49.170000,-0.545371,-0.028767
-33.440000,-1.107013,-0.116853
-19.610000,-0.296278,0.211352
-46.660000,1.089490,-0.087060
0.000000,0.876856,0.811991
-10.390000,0.610965,-0.202903
-9.770000,0.236175,0.716927
-35.970000,-0.048396,0.558053
-41.970000,-1.555643,0.138958
-37.910000,1.532066,-0.053803
-30.160000,0.582635,0.637383
-16.580000,0.951433,-0.050449
-3.090000,0.336770,-1.183762
-43.140000,-0.066239,-0.423006
-11.320000,-1.045935,0.741390
-8.600000,-0.081847,-0.184588
-48.660000,0.686035,0.953767
-12.850000,0.030553,0.620643
-34.930000,-0.086673,0.947266
-16.420000,0.379097,0.035045
-41.010000,-0.548511,0.235451
-10.450000,1.450964,0.276106
-31.550000,-0.182849,0.503023
0.000000,-0.723048,0.877908
-46.220000,-0.136487,0.012547
-18.860000,-0.066002,-0.842751
-41.420000,1.794151,0.592105
-45.630000,0.804022,1.037422
-32.680000,0.069230,0.923116
-37.350000,0.724485,-0.051686
-40.980000,1.907803,0.053594
-25.480000,1.166696,-0.072036
0.000000,1.077402,-1.681533
-35.310000,0.705936,0.957502
-32.520000,-0.854000,0.278127
-39.500000,0.631597,-0.456370
-28.280000,1.518301,-0.629600
-34.650000,-0.212455,0.458814
-37.160000,0.303540,0.000588
0.000000,-0.801587,-0.694416
-35.890000,0.093014,-0.023974
-6.670000,-1.366089,-0.708483
-31.280000,-0.077847,-0.279171
0.000000,1.141895,-0.375521
-8.900000,-0.094029,0.925400
-42.180000,0.598916,0.331127
-39.260000,1.312023,-0.050204
-16.870000,0.568738,-0.613794
-30.550000,0.047044,0.153463
-15.900000,0.340035,0.729343
-8.520000,-0.482064,2.094843
-27.880000,-0.106673,-0.030777
-4.700000,0.520710,-0.249009
-40.840000,-0.435584,-0.079457
-7.700000,-0.231289,-0.677416
-13.350000,1.912194,0.445639
-3.710000,0.855759,1.049997
-19.240000,1.130348,-0.726710
-12.900000,-0.537718,-0.460706
-3.340000,-1.075900,-0.597121
-35.030000,-0.506018,0.487987
-40.690000,0.309295,-0.355571
-44.470000,1.054245,-0.325684
-39.000000,-0.752908,-0.921562
-43.440000,-0.477300,0.553714
0.000000,-0.820770,0.216919
-39.700000,-0.006944,-1.264774
-41.490000,0.619678,-1.224957
-44.680000,0.028032,0.846625
0.000000,0.148008,1.107881
-15.720000,0.494924,1.081384
-5.320000,-0.652823,1.246762
-28.330000,-0.743423,-0.097383
-40.740000,0.512352,1.079558
-37.120000,-0.353035,1.030761
-36.110000,1.000816,-1.179868
-41.220000,0.285106,-0.654696
0.000000,0.229229,-1.056205
-40.640000,0.048147,0.201271
-30.320000,0.510697,-0.118744
-33.240000,-0.218828,0.594229
-43.540000,0.123019,0.691505
0.000000,0.304831,0.515314
-39.910000,0.559700,-0.738596
-45.300000,-1.345385,-0.496307
0.000000,0.521865,0.369967
-38.660000,0.725893,-0.615099
-45.010000,0.717706,0.312283
0.000000,-0.634031,-0.970060
-47.470000,0.433474,-1.256839
-12.730000,-0.181442,0.224499
-3.050000,0.545829,-1.074498
0.000000,0.216278,-0.269121
-46.120000,-0.113184,-0.847120
-48.240000,-0.528240,0.825122
-24.690000,-0.105631,-0.237499
0.000000,0.920677,0.424436
0.000000,0.032498,0.935216
-41.260000,-0.846254,0.062001
-44.840000,-0.189514,-1.140624
-35.310000,-0.079158,-0.689558
-43.150000,0.810653,0.129697
0.000000,0.786855,0.724897
-33.130000,-0.385068,-0.333516
-14.100000,0.471347,-1.081773
-4.250000,0.317983,0.320337
-35.980000,-0.948362,0.603131
-4.840000,0.022186,-0.197143
-16.840000,-0.230667,-0.477451
-39.960000,0.137966,-0.184110
-46.480000,-0.391933,-0.248724
-46.780000,-0.770857,0.237908
-11.690000,1.048209,-0.434009
-37.220000,-0.552885,0.237756
-35.520000,-0.636578,-0.020796
-1.410000,-1.991534,0.633372
-24.210000,-0.262470,-0.124597
-35.090000,0.335061,-0.150382
-41.410000,1.671290,-0.100014
-20.320000,1.375745,-0.673510
-12.400000,-0.699032,0.449804
-32.510000,0.416016,-0.322151
-37.230000,1.343355,0.102232
-42.040000,1.092020,-0.336903
-15.010000,-0.182900,-0.678890
-42.330000,-0.691845,-0.098529
-43.480000,0.086993,-0.109426
-38.150000,1.158470,0.260950
0.000000,-1.091405,-1.160418
-40.830000,-1.433265,-0.780882
-11.840000,0.430291,-0.222246
0.000000,0.596703,-0.209184
-46.000000,-0.044302,-1.589906
-41.820000,1.047981,1.636199
-30.020000,1.126293,0.301491
-8.340000,-0.189938,-0.398146
-42.820000,0.724283,-0.016387
-32.560000,-0.651537,-1.099972
-4.010000,-0.346498,-0.859247
-1.150000,0.226981,1.338956
-22.830000,-0.250924,-0.511967
-36.920000,-0.818281,-1.251168
-4.570000,-0.745914,-1.540013
-37.530000,-0.846706,-0.786476
-43.750000,0.576311,0.699715
-1.400000,0.490413,0.071668
-15.620000,-0.349428,-0.146849
-45.920000,-0.662834,-0.197074
-39.210000,0.142630,1.169633
-25.300000,0.197517,-0.153997
-38.740000,-0.855922,-0.212195
-39.300000,0.129269,0.465295
-45.150000,-0.158506,-0.895721
-43.730000,0.430574,0.498910
-23.770000,-0.650255,0.463345
0.000000,-0.534978,-0.066515
-39.210000,0.140429,1.038521
-1.020000,0.235458,0.431363
-41.360000,0.161914,-0.184996
-16.450000,1.231708,-0.389371
0.000000,0.899683,0.903566
-39.700000,0.510354,0.443806
0.000000,-0.051768,-0.344969
-5.630000,-0.431404,0.241899
-48.720000,-0.482879,0.478536
-14.920000,0.671484,0.849963
0.000000,-0.048520,0.589205
-11.460000,-0.842056,-0.713394
-44.980000,0.020565,-0.945578
-21.940000,0.826828,0.636945
-43.820000,1.478980,-0.240444
-36.840000,0.666252,-0.865046
-37.250000,1.516304,-0.521385
0.000000,0.044593,0.170574
0.000000,-0.402150,0.692912
0.000000,-0.990164,0.412336
0.000000,-0.093154,1.307159
-31.170000,0.016354,-1.473759
-23.580000,1.121990,0.139090
-47.720000,0.302195,-0.800466
-48.540000,0.209743,-0.023907
-50.790000,-0.675355,-0.603262
-8.210000,0.065555,-0.158892
-22.800000,0.205245,-0.313859
-44.430000,0.811290,-1.086263
-19.880000,0.146242,-0.058145
-39.190000,0.781567,-0.643311
-43.190000,0.749221,-0.468643
-10.760000,-1.663613,-0.956729
-33.890000,-1.275592,0.741422
0.000000,-0.285393,-0.316571
-38.660000,0.385878,1.172811
-25.480000,0.532839,-0.550279
-40.260000,0.253757,1.250483
-45.740000,0.377322,-0.723460
-41.670000,-0.780302,0.326019
0.000000,-0.275004,1.602495
-32.270000,0.191324,0.650460
0.000000,0.899317,-0.680647
-47.920000,0.409656,0.432057
-46.170000,0.194021,0.565331
-36.220000,-1.053503,-0.696518
-41.800000,0.104631,-0.052590
-47.100000,-0.366664,-1.055777
-7.480000,-0.210054,-2.004004
-17.020000,0.200125,-0.010361
-26.790000,0.618661,-0.093143
-35.780000,1.422682,0.010565
-2.510000,0.054990,-1.330625
-40.830000,1.362486,-0.465347
-3.300000,-0.803208,-0.128371
-22.000000,0.274379,0.529802
0.000000,1.186184,-0.195543
-36.290000,-0.133705,-0.666431
-45.900000,0.132827,0.790968
0.000000,0.386618,0.528572
-8.220000,0.951078,0.471032
-42.950000,-0.008869,0.060629
-40.040000,-0.386400,-0.798863
-43.660000,-0.528522,-0.032076
0.000000,0.823923,0.307907
-37.370000,0.103801,0.732366
-36.380000,0.530474,-0.877761
-38.420000,-0.323606,0.646815
-50.030000,-0.318489,0.612515
-40.830000,-0.243176,-0.200953
-18.900000,-0.411284,-0.848300
0.000000,0.331035,-1.071786
-37.900000,0.855558,-0.061287
-42.650000,0.552623,0.634687
-39.000000,0.198142,-0.997103
-22.100000,0.030336,-1.429787
-49.980000,-0.528610,-0.911881
-39.850000,-1.091408,-0.400055
-34.390000,-0.950718,0.359602
-43.800000,0.730757,0.382328
-5.250000,-1.032589,0.479637
-46.700000,-0.599895,-0.417349
0.000000,0.041296,-1.303193
-42.330000,-0.147139,1.082484
-36.360000,0.973798,0.757377
-40.080000,0.998194,0.258473
-38.980000,-1.240288,-1.062319
-43.310000,1.032373,1.114992
-37.190000,-0.526328,-0.189893
-42.480000,-0.050525,0.131442
0.000000,0.750506,-0.715040
-46.180000,0.591335,-0.784138
-13.440000,-0.906522,-0.137630
-48.700000,-0.286381,0.714696
0.000000,0.083089,-0.999164
0.000000,-1.746615,-0.224441
-40.690000,-0.933019,1.420718
-39.120000,0.403432,0.536787
-38.450000,0.333538,-0.611564
-50.040000,-0.543335,0.323530
-39.550000,-0.486649,-1.403077
-28.790000,0.603360,0.235743
-30.430000,-0.177520,-1.308652
-42.270000,-0.997999,0.133628
-16.670000,-0.222999,-0.590051
-42.870000,-1.150039,0.317520
0.000000,-0.326491,-0.640645
-19.210000,-0.041618,0.730381
-1.520000,-1.186237,0.354898
-4.320000,0.579750,0.388522
-41.560000,0.096592,0.231504
-3.120000,0.423478,-0.471299
0.000000,0.296779,-0.383989
-5.000000,-1.561634,0.568959
-44.750000,-0.084110,0.107608
-46.970000,-0.249583,0.711089
-13.890000,0.469469,0.336325
-43.090000,-0.612890,-0.814666
-46.240000,-1.041552,0.932576
-36.370000,0.447094,1.420513
-10.000000,-0.170549,0.519411
-41.280000,1.135075,-0.728371
-36.050000,0.042910,-1.809502
-32.980000,-1.119082,0.578947
-11.570000,1.236177,0.416836
-43.090000,0.271663,-0.988752
0.000000,0.133358,0.321811
-9.260000,-1.605369,0.201004
-7.200000,-0.482067,1.217494
-15.840000,1.603260,-0.018896
-1.880000,0.655289,-0.430320
-15.260000,-1.047624,0.756511
-25.500000,0.908780,0.233508
-3.500000,-0.783652,0.500724
-45.890000,-0.995928,0.620688
-33.920000,0.163855,0.497491
-20.150000,-0.237858,1.415036
-43.240000,0.358551,-0.561190
-26.050000,-0.792442,-0.595908
-2.930000,0.523713,0.442631
-0.260000,-0.509484,-0.178839
-39.960000,0.959509,-0.438636
-36.150000,-1.546945,-0.379442
-39.800000,-0.313838,-0.501917
-43.780000,-0.339054,-0.322490
-20.240000,0.168609,-0.759115
-50.620000,0.123741,-0.798586
-47.290000,0.896012,-0.093937
-39.320000,-0.604699,-1.184871
-42.280000,1.589847,-0.240377
-17.590000,0.623125,-0.072951
-40.720000,0.118587,-0.979979
-27.870000,-1.179160,0.276261
-38.560000,0.037824,-0.451424
-2.940000,0.328084,0.231822
0.000000,0.225627,-2.175431
-36.290000,0.132504,0.688737
-39.740000,-0.348047,-0.171341
-46.550000,-0.090438,-0.830262
-44.260000,-0.351739,0.679127
-10.440000,1.294734,0.731395
-0.160000,-1.509924,0.137489
-15.030000,0.269248,-0.143820
0.000000,-0.428534,1.166472
-35.500000,-0.254350,-0.720508
-41.970000,0.387073,0.287815
-38.210000,0.700419,-0.635806
-17.250000,-0.470364,0.504416
-48.700000,0.222808,-0.577266
-1.940000,1.025118,-0.790314
-37.590000,-0.544123,-0.188121
-43.500000,0.727671,-0.640564
-37.670000,1.509972,-0.477732
-29.500000,0.487021,0.561314
-48.160000,1.057734,0.248015
-44.220000,-0.152372,-1.486128
-32.210000,0.047079,0.743378
-31.710000,1.063900,0.707280
0.000000,0.020851,0.623801
-37.040000,1.051564,0.096920
-38.620000,0.055371,-1.027065
-1.060000,-1.478586,-0.634135
-17.150000,-0.201912,0.210000
-25.200000,-0.200451,-0.272995
-4.050000,0.253098,0.791577
-35.300000,-0.262645,0.931843
-43.380000,-2.023184,0.043992
-3.920000,0.324668,-0.841793
-44.090000,-0.219497,0.716532
0.000000,-0.292850,-0.841000
-48.430000,-0.133385,-0.722513
0.000000,-0.521189,-0.262004
-11.750000,0.253604,0.783247
-47.480000,0.798462,-1.634712
-40.270000,0.715188,-0.787636
-36.230000,1.041346,-0.650008
-37.440000,-0.607234,-0.383633
-39.170000,-1.012825,0.013104
-37.350000,0.582696,-0.566410
-35.720000,0.250146,0.869892
-11.610000,0.183472,0.343945
-35.210000,-0.724186,-0.889071
-3.680000,0.504421,-0.072688
-36.020000,-0.467823,-0.442557
-36.860000,-0.225634,-0.087020
-43.170000,0.628769,-1.513227
-6.100000,-0.541313,0.171515
-37.150000,-0.760281,-0.547800
-36.980000,0.130600,0.261579
-44.500000,-0.818683,0.244890
-30.230000,0.507399,0.308001
-38.470000,0.167282,-1.397321
-41.940000,1.414497,-0.137862
-43.890000,0.208656,-1.263828
-21.820000,0.570965,-0.323706
-41.560000,-0.059536,-1.822557
-40.290000,0.690870,-0.449631
0.000000,-1.265617,0.501721
-49.260000,-0.201602,-0.854141
-45.530000,0.450603,0.106437
-0.390000,-0.760697,0.825728
-40.250000,0.452711,0.104576
-35.100000,0.533905,0.137347
-40.620000,0.151894,-0.805385
-45.640000,0.329125,0.653636
-32.530000,0.852217,0.508955
-41.430000,0.043689,-0.712516
0.000000,0.247710,0.262447
-14.600000,-0.309671,-0.441301
-36.270000,0.548893,-0.112052
-18.590000,0.268885,-1.166199
-4.830000,-0.382210,-1.545988
-42.270000,-0.725155,0.487332
-4.410000,0.678080,0.114528
-48.060000,0.401095,0.574373
-47.030000,0.284194,-1.024575
-23.190000,-0.295967,-1.528868
-41.610000,-0.552400,0.790994
-13.320000,1.029255,0.399789
-14.430000,0.274942,-0.313395
-0.460000,0.933397,-0.881887
-33.870000,0.004649,-1.130050
-23.390000,1.355903,-0.315966
-8.040000,0.157200,-0.421357
-43.580000,-0.071915,-0.147279
-43.180000,-0.443890,-1.425219
-45.860000,0.608185,1.249206
0.000000,-1.276525,-0.622993
-40.980000,-0.654680,-0.905244
0.000000,0.039615,-0.524265
-32.500000,-0.632620,-0.535209
-36.080000,-0.471400,0.180999
-47.350000,0.788158,0.274041
-42.520000,-0.408453,0.085008
-48.850000,0.937034,-0.681769
-35.960000,0.628666,0.274213
-40.790000,0.001949,-0.385293
-15.980000,-0.970737,-0.991295
0.000000,-0.606600,-0.946218
-16.030000,-1.049598,0.232167
-40.690000,0.566982,-0.442564
-48.250000,0.369430,0.902866
-15.830000,-0.515673,0.558168
-46.040000,-0.163872,-0.120699
-38.190000,0.716978,-0.858821
-4.780000,0.058467,-0.237996
-34.220000,0.090820,1.035439
-39.840000,0.261990,-0.279612
-42.510000,0.283700,1.336007
-11.460000,-0.180885,0.252347
-29.110000,0.974250,-0.607511
-48.830000,0.750525,0.637568
-7.980000,-0.858990,-0.186731
-39.750000,0.558724,0.546804
-36.800000,-1.241032,0.148504
0.000000,-0.168268,-0.165898
0.000000,-0.860608,-0.125644
-23.740000,0.170095,-0.230811
-16.850000,0.123266,0.259707
-46.580000,-0.444487,-0.254145
-10.120000,0.514345,-0.491893
-42.640000,0.062791,-1.473636
-27.850000,1.114735,-0.279605
-40.970000,0.467363,0.375141
-35.730000,0.645068,0.168261
-44.840000,-0.742294,-0.765228
-41.110000,-0.965585,-0.304524
-10.240000,-0.596973,-0.391395
-36.410000,-0.458399,-0.696580
-40.530000,-1.274429,-0.766868
-41.430000,-0.381002,-1.190753
-9.010000,-1.579673,-0.330013
-4.540000,-0.410665,-0.415513
-40.940000,0.394029,-0.067251
-46.810000,0.057552,-0.297788
-36.750000,0.273071,-1.716271
-16.410000,0.512789,0.465902
-24.620000,0.111285,0.034712
-34.910000,0.009282,-0.043167
-36.760000,-1.843898,-0.029397
-39.670000,-0.423378,-0.524672
-45.100000,-0.952893,-1.328150
-36.600000,0.732253,1.496961
-15.430000,1.371918,-0.334767
-39.910000,0.025846,-0.486921
-45.530000,-0.991237,-0.091791
-29.530000,-0.335497,1.126220
-39.280000,-0.784014,0.568289
-43.270000,0.496811,-0.119679
-17.840000,-0.810982,0.535834
-42.670000,-0.281319,-0.242104
-3.720000,0.370033,0.509957
-49.920000,-0.486583,0.791321
-47.820000,0.261690,-0.376510
-25.800000,0.184791,-0.487075
-46.910000,-0.315050,-0.668914
-42.260000,1.741512,0.914121
-3.760000,-0.820544,0.810654
-11.170000,0.111150,-0.132625
-43.920000,-0.885909,0.859068
-7.030000,1.016752,0.072035
-43.430000,0.215012,0.154810
-43.300000,1.026177,-0.051783
-28.420000,-0.236664,-0.005463
-42.280000,-1.023921,0.145781
-3.710000,-1.290029,0.494182
-41.720000,-0.296818,-0.029037
-45.060000,1.083903,0.631817
-38.730000,-0.137551,1.077095
-39.620000,-0.387475,0.878554
-44.510000,0.436279,0.443018
-10.890000,-0.697944,-0.147005
0.000000,-0.785733,-0.076418
-22.800000,1.173331,-0.767179
-40.200000,1.068666,-0.298195
-42.260000,0.252920,-0.471757
0.000000,0.475045,0.027227
-33.700000,-0.209118,-0.862877
-38.090000,-0.692845,0.003761
-29.190000,0.012003,0.122278
-5.400000,0.389631,0.741191
-48.680000,-0.181937,-0.956331
-48.010000,-0.190999,-0.861587
-30.860000,1.156394,-0.234683
0.000000,0.777063,-0.795920
-46.870000,0.649735,0.305018
-27.880000,-0.792661,-0.092904
-13.140000,0.152779,-0.532505
-26.250000,0.137663,0.371648
0.000000,0.170554,0.940766
-42.450000,-0.478038,-0.790234
-45.520000,-0.612148,0.748633
0.000000,-0.458530,0.427615
-35.720000,-0.636754,0.312097
-29.870000,0.896072,-0.391750
-20.600000,-0.563622,-0.251481
-16.320000,-0.391522,0.227612
-38.590000,-0.340182,0.599765
-46.630000,-0.806995,0.275628
-3.200000,0.430942,-0.544999
-32.350000,0.403532,0.025156
-32.510000,-0.396974,-0.720051
-12.120000,1.518338,-0.412075
-2.090000,-0.657585,-0.326689
-3.250000,-0.206032,0.454934
0.000000,-0.017336,0.158916
-51.440000,-0.543214,-0.010125
-20.100000,-0.360853,-0.513895
-26.440000,-0.026637,-0.520738
0.000000,-0.804323,0.857967
-0.140000,0.756856,0.365318
-40.370000,-0.821464,0.565022
-45.760000,-1.318409,0.395044
-21.920000,-0.449770,0.269451
0.000000,-0.134113,-0.039257
-14.040000,-0.763584,0.087292
-5.650000,-0.266713,0.385120
-49.220000,0.595449,0.320710
-35.950000,0.049162,-0.027658
-24.040000,0.002038,0.020198
-25.980000,-0.128208,-0.059188
0.000000,0.200436,0.116785
-40.470000,-0.460463,0.738043
-1.640000,0.383750,1.142127
-33.460000,0.776881,0.759707
-40.560000,-0.762021,0.413388
-40.180000,-0.320640,-0.741145
-29.020000,-0.893977,0.869452
-28.520000,-1.205147,1.015170
-7.270000,-0.069539,1.099673
-44.090000,0.530128,-0.318926
-30.970000,-1.155359,0.266042
-40.540000,-0.049697,0.537653
-41.490000,-0.748410,1.533678
-9.660000,-0.692173,-1.312335
-13.860000,0.816624,-0.321055
-47.860000,-2.043022,-0.142213
-43.730000,0.282599,-0.841975
-41.900000,0.718469,-0.731767
-38.330000,0.344325,0.237773
-40.470000,-0.292324,1.341947
-16.600000,0.647419,0.137728
-30.410000,1.085323,0.243612
-20.870000,-0.808761,-0.551790
-3.640000,0.942795,-1.129955
-40.040000,-1.114726,0.626196
-43.570000,0.098469,0.229013
-40.170000,-1.085385,-0.803536
-45.670000,-0.174820,-0.466990
0.000000,0.944044,-0.450170
-43.030000,-1.044278,-0.514955
-39.530000,-1.221882,-0.343000
-39.670000,-0.434685,1.406864
-0.160000,0.586884,-0.518093
-38.850000,0.865418,-0.075361
-48.640000,-0.280090,-0.231890
-21.650000,-1.050819,0.294036
-38.320000,-0.941848,0.022695
-32.450000,0.540560,0.250318
-19.580000,0.115625,-0.789501
-6.300000,-0.794962,-0.633695
-17.020000,0.525073,1.483546
-43.010000,-0.166769,-1.069660
-7.510000,0.344237,-0.396837
-40.070000,0.291209,0.217811
-1.310000,-0.509124,0.741094
-42.450000,-0.666437,0.104330
-39.690000,-0.291100,-1.671638
-47.710000,0.267510,-0.098422
-38.190000,-0.088073,-0.448096
-22.610000,-0.433605,-1.375057
-46.230000,-0.135648,-1.684664
-42.830000,-0.718727,-1.336932
-6.190000,-1.293052,1.101535
-11.830000,-0.439246,1.219123
-45.350000,0.865998,0.783375
-13.400000,0.169308,0.870211
-12.400000,0.698849,-0.189520
0.000000,1.443109,-0.475029
-25.450000,-0.645562,0.008937
-42.410000,0.768577,-0.716692
-43.530000,-0.248109,0.066136
-3.950000,0.012430,-0.328745
0.000000,-0.435007,-0.301877
-31.600000,0.742654,0.929516
-42.660000,-0.193536,-0.478371
-11.560000,0.746590,0.208444
-0.560000,-0.472868,-0.425932
-32.960000,-0.275253,-0.087574
-31.330000,0.659085,-0.865001
-39.430000,-0.332348,-0.354070
-40.730000,0.419577,-0.139968
-38.540000,-0.631020,1.037716
-41.110000,0.330236,-0.826557
-49.080000,-0.068783,-0.367261
-5.070000,0.448144,-0.309125
-36.010000,0.143397,0.024589
-28.970000,0.528291,-0.242555
-38.710000,-0.312834,0.447571
-26.680000,0.430212,0.647939
-44.970000,-0.834262,1.003249
-31.140000,1.757898,-1.774578
0.000000,-0.058110,-0.617141
-14.900000,-0.443741,-1.157937
-4.900000,1.403933,-0.077784
-32.010000,0.639873,-0.474767
-40.580000,0.365291,2.140203
-41.650000,-1.123174,0.435883
-36.340000,0.227216,0.548595
0.000000,-0.439308,2.035752
-35.020000,0.811903,0.003191
-24.900000,-0.299640,-0.480496
-39.020000,-0.860994,-0.678607
-1.920000,-0.231506,0.816952
-19.330000,-0.749796,-0.886943
-40.910000,-1.170102,-0.458446
-3.760000,-0.217604,-0.341022
-39.290000,-1.315266,-0.499672
-0.320000,-0.145546,0.299291
-11.270000,0.827955,0.005875
-11.950000,-0.628891,-0.232463
-42.260000,-0.846851,0.405353
-32.580000,0.943809,-1.003381
-44.990000,0.152866,-0.805988
-11.780000,0.341267,-0.778002
-44.820000,0.879189,-0.049345
-0.510000,0.097705,-1.587665
-43.060000,0.484750,0.112390
-29.620000,-1.235277,0.994344
-44.770000,-0.587860,-0.088863
-40.260000,-0.603479,0.632498
-38.040000,-1.119662,0.527610
-37.130000,1.343997,-0.654939
0.000000,0.568124,1.068036
-35.780000,0.312360,0.192659
0.000000,1.231998,0.101743
-40.140000,1.032614,-0.712169
-44.820000,-0.588379,-0.386285
-36.940000,-1.094121,-0.948855
0.000000,0.059032,0.496540
-40.330000,0.675056,0.241523
-15.430000,0.892534,-0.641527
-46.110000,0.904071,-0.537964
-31.470000,0.185388,-0.734061
-7.240000,-0.233358,1.841396
0.000000,0.329290,-0.301895
-9.510000,-0.127108,0.166377
-41.680000,-0.501256,0.031479
0.000000,-0.736278,0.136041
0.000000,0.516746,0.528028
-41.040000,-0.256447,-1.457327
-40.560000,0.158605,-0.817269
-41.740000,-0.530696,1.211763
-15.650000,-0.404153,-0.573144
-41.220000,0.158793,0.229440
-17.600000,0.028214,0.996232
0.000000,-0.771926,-0.495435
-36.550000,0.317495,-0.157479
0.000000,0.008755,-0.257431
-36.130000,-0.484782,0.574361
-44.470000,-0.085184,-0.344044
-17.470000,-0.013604,0.235172
-12.160000,0.980706,-0.535435
-42.700000,0.687068,1.325742
0.000000,0.768872,-0.031013
-33.990000,-0.051669,0.528807
-40.810000,0.567954,-0.205104
-35.490000,0.089400,0.344028
-39.710000,0.021499,-0.899941
-41.230000,0.224111,-0.300145
-6.180000,-0.248147,-0.583767
-1.460000,0.457550,0.905627
-38.760000,-0.164522,-0.009167
-19.030000,0.868146,-0.635709
-37.680000,0.023676,-0.017533
-42.460000,1.024345,-0.089510
-32.940000,0.367800,0.378095
-27.020000,-0.294201,0.170841
-46.100000,-0.254959,0.857138
-4.330000,0.341516,0.636326
-41.830000,-0.138718,-1.501368
-40.470000,-0.158402,0.921871
-44.770000,0.850054,0.844278
0.000000,0.260491,0.139704
-41.080000,0.080059,1.993049
-40.810000,0.620883,-0.895013
-40.110000,-0.279127,-1.406472
-2.210000,-0.484342,0.117746
-33.460000,0.331918,0.403939
-37.110000,-0.544309,-0.201613
-40.650000,-1.155972,0.708956
-40.950000,-0.810303,-0.199307
-35.820000,0.844559,0.590672
-42.650000,-0.552317,-0.655077
-38.080000,0.548328,0.608972
-32.190000,0.715032,-0.319119
-2.880000,0.801785,1.181375
-3.740000,0.373902,-0.293933
-42.190000,0.429518,0.266317
0.000000,-0.611425,0.187388
-29.530000,0.709759,0.041911
-4.760000,-1.390879,-0.817334
-35.310000,-0.143308,-0.589804
-4.720000,0.349008,0.625271
-20.180000,0.896653,1.110757
-9.090000,0.477460,-0.812790
-40.180000,-0.526351,-0.998174
-16.090000,0.009780,-0.261265
-26.390000,-0.079435,-0.069688
-2.430000,-0.335301,-0.528411
-40.380000,0.210730,0.064861
-40.300000,-1.198172,-0.245510
-46.010000,-0.134463,1.364337
-6.100000,-0.815733,0.220080
-35.180000,-0.322299,0.074326
-46.120000,0.879106,-0.030049
-7.730000,1.051003,2.200044
-43.880000,0.561252,0.245828
0.000000,-1.418755,0.485891
-49.060000,-1.180129,1.307288
-43.530000,0.142354,1.855136
-36.350000,1.048897,0.453118
-25.220000,-0.192101,-0.588668
-33.270000,0.014678,0.916690
-43.870000,0.679861,-0.203238
-39.430000,-0.075828,-1.083168
-38.720000,-0.791793,0.088020
-46.620000,-0.332041,0.136344
-20.280000,1.069839,1.079274
-3.410000,-0.937567,0.449324
-45.550000,-0.697639,-0.319539
-47.070000,-1.585650,-0.579194
-38.290000,0.300298,0.081803
-36.500000,-0.753847,0.398430
-43.210000,-0.908503,-0.768875
-11.520000,-0.499156,-1.119072
-37.830000,1.343087,-0.077958
0.000000,0.856539,0.352607
-43.480000,-0.867991,1.158815
-2.810000,-0.120774,-0.422293
0.000000,-1.289818,-0.595667
-23.420000,-0.003838,0.479079
-31.190000,0.429653,-0.579477
-40.120000,-0.138484,-0.188477
-39.470000,0.806294,0.709708
-50.550000,-0.921057,-1.701613
-9.600000,0.055036,-0.901115
-39.610000,-0.376453,-0.755252
0.000000,-0.869827,0.231901
-26.830000,0.808038,-0.814044
-48.620000,-0.164017,-0.635280
-11.300000,0.832943,0.474046
-35.160000,0.153877,-1.177072
-36.610000,-0.273760,0.581221
-42.170000,0.643642,0.685828
-13.160000,-0.362737,0.657735
-22.920000,1.040536,0.654234
-48.140000,1.282789,-0.590813
-8.440000,-0.372695,0.840935
-41.310000,-0.364690,1.123577
-42.930000,0.423524,0.376378
0.000000,0.173953,-0.717819
-40.120000,0.757231,-0.813787
0.000000,0.787128,-0.518133
-49.960000,-1.265889,0.093951
-12.230000,0.811677,0.768529
-34.710000,-1.042704,0.357990
-1.130000,-0.529136,-0.876839
-4.070000,-0.508289,0.143601
0.000000,0.723978,1.103161
-45.790000,0.247148,0.901298
0.000000,0.125064,-0.537827
0.000000,0.243994,1.295579
0.000000,0.272896,-0.445917
-42.330000,-0.227562,0.239246
-34.880000,0.112999,0.590109
-15.460000,0.369995,0.253082
-38.620000,-1.354985,0.634107
-35.710000,-0.331611,-0.040665
-32.030000,0.561269,-0.267908
-25.810000,-0.304577,0.547394
-41.630000,0.845152,0.194070
-41.540000,0.238591,-0.225792
-42.740000,0.227149,1.359641
-34.970000,0.619563,1.040613
0.000000,0.518453,-0.807361
0.000000,0.663809,0.685569
-45.260000,-0.018124,-0.190922
-33.030000,1.295774,0.490118
-42.160000,-0.515504,0.325188
0.000000,-0.790454,1.023828
0.000000,1.015898,0.809398
-48.710000,1.969178,-0.612213
-2.800000,-1.235346,-0.449046
-45.340000,0.636088,0.163682
-10.000000,-0.788564,0.364925
-13.390000,0.430414,-1.197235
-9.720000,-0.527018,-1.135944
-40.190000,-0.254169,-0.319685
-42.710000,-1.233524,-0.010525
-42.990000,-0.879985,-0.094430
0.000000,-0.701631,-0.686566
-6.020000,0.865855,-0.410537
-4.730000,0.894432,0.231487
-40.240000,0.116298,0.003778
-42.390000,-0.499690,1.152711
-36.840000,-0.041885,1.361898
-44.740000,0.835096,-1.575784
-40.920000,0.017601,-1.114975
-47.560000,1.527592,0.945604
-32.980000,0.634566,-1.575386
-47.680000,0.065860,0.968784
-8.960000,1.170058,0.918337
-50.200000,0.493481,0.825521
-38.070000,-0.463291,0.608870
-37.780000,-1.463973,0.011900
-30.940000,-0.161827,1.247395
-15.850000,-0.866049,-0.949106
-21.610000,0.410165,1.219890
-45.360000,0.617931,-1.092501
-4.090000,-1.396809,-0.160990
-3.490000,0.466493,-1.309412
0.000000,0.342121,0.265427
-43.310000,-0.156561,-0.396928
-44.050000,-0.926232,-0.133503
-17.850000,-0.429122,-0.096692
-41.160000,-0.509577,0.733406
-2.530000,-0.292507,0.168510
-1.980000,-0.550638,-1.039472
-39.010000,1.209051,0.372721
-48.750000,0.174958,0.824576
-1.660000,0.195613,0.330921
-12.570000,-0.895551,0.430957
-31.090000,0.088152,0.025509
-44.760000,1.127299,-0.298829
-1.200000,0.509834,0.502716
-40.630000,-0.967663,-0.199560
-38.220000,-1.281323,0.557094
-5.290000,-0.340320,0.194191
-45.470000,0.143870,0.877267
-26.270000,0.527095,0.299829
-44.370000,0.138875,0.082333
-3.020000,-0.026590,-0.971821
-0.720000,-0.124940,0.874478
-35.710000,-0.198661,0.227981
-40.120000,0.104919,0.075314
-39.050000,0.582890,0.453103
-46.360000,1.049162,-0.843690
-28.860000,-0.767759,0.393919
-32.340000,0.859959,-0.021598
-42.980000,-0.808249,0.227919
0.000000,0.239767,-0.232953
-43.230000,-0.887114,-1.796119
-33.630000,0.772582,-0.373073
-39.370000,1.120089,-0.236556
-47.270000,0.597970,-0.204550
-44.990000,-1.018569,0.371542
-32.370000,-0.732586,0.054582
-32.240000,-0.827653,-0.416742
-36.160000,-1.198239,0.424960
-40.300000,1.299000,0.691104
-40.920000,-0.616732,-0.288474
-38.010000,1.193693,-0.526851
-44.940000,-0.623404,1.191939
-43.760000,0.487103,-0.791603
-40.520000,-1.010340,0.452134
-40.200000,-1.441799,-0.631201
-28.550000,0.132157,0.367685
-34.710000,-0.483004,-0.179398
-43.690000,-0.313622,0.880287
-43.390000,-1.128507,0.564655
-36.930000,-0.296848,0.360137
-20.020000,0.463513,0.591951
-25.990000,-1.449186,0.078206
-31.270000,0.785451,-0.112717
-42.000000,0.972873,0.999506
-28.150000,-0.104530,-0.269624
-41.550000,0.893336,-0.704918
-48.460000,-1.132178,0.708786
-11.800000,0.044226,-1.679959
-38.780000,-0.910845,0.754337
-49.340000,-0.191161,0.906496
-49.440000,-1.672743,0.527542
-38.590000,-1.054849,-0.554927
-45.110000,0.054160,-0.280481
-40.160000,-0.653366,-0.404296
-44.990000,0.715669,0.250966
-37.070000,-1.564432,-0.482554
0.000000,0.017344,0.988981
-14.890000,-0.627735,0.356401
-5.490000,-0.584278,1.342322
-25.390000,-1.161679,-1.258686
-39.560000,0.285918,-0.402823
-11.730000,-0.058597,0.850450
-41.150000,0.474779,1.056037
0.000000,0.593952,0.001397
-18.600000,0.737130,-0.328485
-43.860000,-0.757766,0.389774
0.000000,0.052109,-1.003358
-45.830000,0.603388,0.195006
-44.310000,0.061960,-0.085473
-21.180000,-0.790072,0.245617
-39.620000,0.695606,0.538258
-44.830000,-0.511566,0.061426
-47.510000,-0.651419,-1.070382
-45.790000,-1.450403,0.778346
-49.880000,-0.369609,-1.219563
-35.510000,0.274858,0.737576
-39.910000,-0.125854,-0.366391
-2.090000,0.533384,-1.366634
-45.030000,0.552984,0.415888
-1.780000,0.378527,0.103284
-22.880000,0.156002,0.206199
-46.050000,-0.610133,-1.319514
-38.730000,-1.207343,-0.115355
-8.660000,-1.156241,1.099963
-37.950000,-1.016158,0.053841
0.000000,0.939146,0.792372
-22.200000,-1.031317,-0.032416
-8.810000,0.420384,1.191049
-37.570000,0.812506,-0.663708
0.000000,-0.810480,0.230353
-25.480000,0.717801,-0.088947
-37.520000,-0.087586,-0.957225
0.000000,0.083493,0.663103
-36.460000,-0.437479,-1.017511
-15.320000,0.537053,1.210531
-25.130000,-0.517257,-0.462354
-41.820000,-0.316942,0.140336
-48.640000,-1.176161,0.393657
-1.880000,0.527085,-0.160557
-47.110000,-0.693187,-0.195866
0.000000,-0.551537,-0.173455
-37.150000,-0.943028,-0.282872
-36.990000,-0.286220,-0.220651
-9.270000,-0.445348,0.747621
0.000000,-0.020712,0.248827
-41.390000,0.278521,-0.568356
-42.570000,-1.262127,-0.823128
-46.620000,-0.813201,-0.305756
-22.480000,-0.864819,-0.272042
-42.180000,-0.466188,1.028683
-42.320000,-0.286964,1.104132
-1.550000,0.198402,-0.872294
-43.650000,0.370724,-0.346097
-36.700000,1.027705,0.097398
-25.490000,-0.149487,-1.634753
-12.030000,0.391475,-0.585827
-42.410000,-0.756929,0.693755
-35.990000,-0.004932,-0.433104
-39.900000,-0.167591,-0.023620
-43.770000,0.063896,-1.479141
-24.590000,0.293642,0.667173
-39.150000,-0.734518,-0.009975
-5.640000,-0.555981,1.359980
-37.040000,0.130332,0.379881
-41.460000,-0.342873,-0.467778
-39.810000,-0.740058,0.154544
-44.500000,-0.170713,-0.360758
-27.160000,1.073484,0.018964
-11.380000,0.244046,0.329850
-19.870000,-0.748569,-0.065716
-47.270000,0.980708,-0.477630
-44.430000,0.400283,-1.304115
-39.490000,0.810627,0.257483
-44.860000,-0.990150,0.191545
-3.490000,-1.057143,-0.260577
-45.350000,0.336868,0.820932
0.000000,0.191395,-1.589365
-28.870000,0.286334,0.185120
-43.730000,0.273935,-0.275044
-42.690000,0.144217,-0.078438
-20.600000,-0.049105,0.214018
-33.600000,-0.583077,-0.539369
-12.200000,-0.081467,-0.029506
-17.800000,-0.800835,-0.716794
-44.110000,-1.482895,1.010865
-41.440000,0.281834,0.826980
-21.400000,0.364381,1.150322
0.000000,0.923526,-0.326598
0.000000,0.945748,-0.849959
-0.730000,0.186432,0.506599
-50.210000,0.023392,0.892125
0.000000,-0.272680,0.886247
-29.700000,0.006257,-0.715860
-4.300000,-0.442394,-1.924316
-42.420000,0.745842,0.172280
-26.050000,-1.722394,-0.526711
-33.740000,-0.484852,-0.890459
-38.290000,0.334725,-0.293840
-42.020000,-1.717810,-0.769167
-42.400000,-0.440866,-1.417743
-44.870000,-0.107016,-0.383261
-19.250000,0.272587,-0.439216
-36.880000,-1.003556,-0.562680
-44.470000,-0.543603,0.472725
-37.870000,0.685206,-1.043084
-6.840000,0.145589,-0.920015
-43.280000,-0.056297,0.822707
-4.480000,0.618214,-1.930729
-47.730000,0.407979,-0.182883
-40.940000,1.263302,0.365617
-9.260000,0.324556,-2.011698
-44.620000,0.297628,-0.268309
-52.500000,0.889313,-0.476640
-14.140000,-0.170133,0.662521
-14.000000,-1.536639,-0.566688
-33.680000,1.054933,-0.614692
-29.780000,0.060657,-0.258844
-0.890000,0.130986,0.138345
-4.180000,-0.606002,-0.583419
-42.320000,0.529377,0.946258
-47.070000,0.819298,0.648928
-38.930000,0.565281,0.736294
-14.280000,-0.331855,-0.767650
-37.660000,0.767365,0.359191
0.000000,0.199513,1.165485
-47.600000,-0.473401,0.610680
-0.100000,-0.669692,0.346510
-42.570000,-0.806538,0.270332
0.000000,0.731223,-0.125309
-44.650000,0.284176,-0.435827
-37.530000,-0.488754,-0.817519
-39.420000,0.190464,-0.356523
-45.550000,0.047839,0.042488
-14.650000,-0.751283,-0.437388
-33.750000,0.659324,0.661599
-37.220000,-0.745787,-1.272804
-38.100000,0.478740,-1.204427
-14.290000,0.546918,-0.698188
-16.700000,0.683552,0.491627
-34.920000,-0.436401,1.102179
-23.450000,0.072750,1.215197
-34.530000,-0.950675,-0.346316
-29.140000,-0.326122,0.224027
-49.700000,0.647715,0.335603
-36.600000,-0.005199,-0.951800
-44.730000,1.545544,-0.151530
-5.710000,-1.154067,-0.486367
-4.210000,-0.000401,0.831780
-49.480000,-0.652916,0.099507
-1.620000,0.245854,0.797491
0.000000,-1.389006,0.031944
-48.700000,-0.105525,-1.600070
-23.390000,0.099953,0.762730
-27.700000,-1.024457,-0.047818
-24.650000,0.714866,0.104275
-38.340000,1.178618,-0.196389
0.000000,0.174016,-0.341818
-31.280000,-1.312699,-0.005687
0.000000,-0.811551,-0.273015
-42.250000,-0.105893,-0.998915
-44.350000,1.193790,0.078129
-42.260000,0.116331,1.369791
-28.320000,-1.450515,0.604130
-42.410000,-1.252849,-0.785441
-16.940000,-1.353028,0.354694
-1.470000,-0.037141,1.434981
-39.230000,0.866179,-0.210911
-40.110000,-0.435752,-0.395602
-39.880000,2.057426,-1.611602
-41.490000,1.291348,0.294843
-41.120000,0.179376,0.990776
-21.020000,-0.173402,1.319564
-40.590000,0.525904,-0.406148
0.000000,-0.241881,-0.171671
-3.420000,1.022141,0.703601
0.000000,0.574854,0.976320
-35.270000,-0.785537,-0.088275
-31.540000,0.100565,0.945513
-39.570000,0.648166,0.370355
-3.860000,-1.099448,-0.524266
0.000000,-0.901815,-0.486359
-40.320000,-0.388564,0.865298
-40.650000,0.824141,0.550930
-43.370000,-0.372779,-0.126969
-41.830000,1.167974,-0.908817
0.000000,1.256498,-0.001058
0.000000,0.234932,0.278409
-41.140000,0.138321,0.233383
-26.590000,0.221773,-0.640120
-36.390000,-0.000005,-0.585518
-35.370000,0.588353,1.538244
-44.720000,0.180793,-0.231406
-0.220000,0.475048,0.346353
-34.130000,0.876763,0.182453
0.000000,-0.707307,-0.949640
-43.630000,1.426889,0.469043
-45.020000,-0.945539,0.886480
0.000000,0.958146,0.408888
-36.580000,0.327859,0.121419
-8.450000,-1.418726,-0.057180
-37.030000,0.013076,-1.108285
-33.090000,0.405818,1.206471
-39.070000,0.544844,0.050865
-42.700000,0.309482,0.136472
-29.080000,0.756149,-0.338526
0.000000,1.076678,-0.191606
-36.900000,0.040419,0.090719
-39.860000,1.294720,0.804133
-37.440000,-0.199960,1.071405
-39.920000,-0.192678,-0.274528
-42.570000,0.178318,-0.546790
-0.060000,0.270792,1.173333
-26.700000,-0.154268,-0.072484
-47.500000,0.157997,-0.875128
-17.750000,0.371625,0.319049
-31.090000,0.621612,-1.077760
-1.980000,-0.463172,0.917060
-32.870000,-0.652514,-0.731603
-3.340000,0.778426,-0.547931
0.000000,-0.487290,0.467471
-32.060000,0.902577,1.300707
-2.100000,0.942188,-0.479577
-38.840000,-0.272345,0.617800
0.000000,0.645951,0.160452
-40.530000,-0.652285,0.157273
-11.550000,0.506306,0.915351
-42.310000,0.349539,-0.689052
-8.350000,0.919826,-1.200348
-45.720000,-0.692568,-0.856176
-40.740000,0.407179,1.200895
-40.400000,-0.046359,-0.928625
-29.710000,-0.455941,1.020052
-49.470000,0.826603,0.362981
-43.410000,-0.452205,-0.282721
-43.970000,0.053225,-0.175124
-47.590000,0.517217,-0.475746
-39.410000,0.370285,-0.421684
-0.480000,-0.414111,1.303620
-36.540000,0.133876,0.931157
-31.750000,1.014266,0.030126
-13.230000,1.011759,-0.943256
-34.000000,-0.397702,-1.254424
-49.080000,0.525856,-1.729499
-40.020000,-0.857059,0.885024
-7.590000,-1.142654,-0.189704
-43.250000,-0.093876,-0.942396
-10.980000,0.783190,0.798468
-36.040000,0.573912,0.363585
-39.690000,-0.155821,-0.768072
-41.770000,0.045628,1.426318
-21.420000,-0.862481,-0.251910
-4.770000,-0.774621,0.951906
-6.780000,-0.630368,-0.084263
-47.160000,-0.604325,-0.369748
-35.360000,-0.489434,-0.636253
-48.100000,-0.188683,0.073445
-40.330000,0.898974,-0.807123
-45.530000,-0.771680,1.576288
-37.620000,-0.264870,-0.213694
0.000000,0.309242,0.331394
-33.380000,0.079143,-1.093978
-33.790000,0.515954,0.044049
-20.270000,0.127854,-0.505012
-14.200000,-1.211422,-0.678800
-8.410000,0.462527,-1.113070
-50.060000,-1.437094,0.023445
-4.720000,-0.282808,0.281356
0.000000,-0.866943,-0.324328
-48.270000,-1.448245,-1.541115
-6.110000,-0.525777,-0.809015
0.000000,-0.199894,-0.291220
-51.050000,-0.245018,0.520315
-49.180000,1.752164,-1.070263
-22.340000,-1.089253,0.050693
-7.060000,0.019494,-0.150271
-43.500000,-0.447082,-0.360213
-0.470000,-1.069550,-0.000589
-24.860000,-0.217213,0.158088
-38.740000,-0.251550,1.421219
-38.520000,0.867487,-0.396739
-24.540000,0.292241,1.805586
-31.930000,-0.858379,-0.155022
-43.860000,0.356551,0.437786
-42.560000,0.579067,-0.123849
-42.390000,-1.252790,-0.000517
0.000000,0.372424,-0.214206
-34.530000,-0.504940,-1.059921
-27.940000,0.668044,-0.502714
-39.720000,-0.485139,0.953528
-44.380000,-1.292904,0.132427
-36.380000,0.375510,0.431651
-39.260000,0.850772,0.430786
-5.080000,-1.090534,0.126880
-47.890000,-1.260607,-0.804361
-37.600000,-0.069701,1.905052
-39.470000,-0.494882,-0.266541
-44.000000,0.896553,0.479303
-42.130000,0.157826,-0.276371
0.000000,-0.105421,-0.723902
0.000000,-0.838480,0.649332
0.000000,-1.059629,0.364812
-23.140000,0.564386,0.189510
-48.280000,0.417655,0.579773
-39.600000,0.528597,-0.263597
-8.600000,1.334985,0.700651
-41.470000,0.502738,-0.676810
-33.330000,0.434741,0.490366
-45.720000,-0.691237,0.346656
-47.280000,-1.072867,0.194366
-6.550000,-0.357077,0.912289
-12.200000,0.841905,-1.304472
-42.420000,0.500306,0.060459
-4.760000,-0.532546,0.586400
-35.250000,1.309018,-0.158254
-36.330000,0.716668,0.800792
-33.890000,-0.404660,0.495556
-43.840000,0.467682,0.683217
-16.830000,1.317196,-0.621397
-17.390000,1.208759,-0.744510
-33.140000,0.043803,-1.554985
-38.380000,0.000184,0.927102
-11.040000,-0.926370,0.287558
-21.520000,-0.347829,-0.518798
-15.160000,-2.036153,0.214540
-38.950000,1.212028,0.264761
-44.990000,1.387283,-0.060484
-39.710000,1.384998,-0.239252
0.000000,0.577206,0.419489
-26.030000,0.246761,-0.217643
-16.090000,0.691484,0.184803
-37.450000,1.067292,0.060974
-38.990000,-0.076696,0.226537
-37.810000,1.430970,-0.443059
-37.100000,0.703499,-0.569121
-34.040000,0.739726,-0.033910
-44.870000,0.796639,0.986982
-6.700000,0.683808,0.947325
-42.800000,-0.037625,-0.686545
-45.850000,-0.221859,-0.807192
-4.420000,-1.388745,1.043292
-44.740000,-0.436884,0.719127
-8.400000,-0.159189,-0.076906
-13.740000,-0.629023,-0.493273
-35.460000,-0.556388,0.692039
-38.470000,0.194813,1.514501
0.000000,-0.114569,-0.182854
-35.150000,-0.144142,0.532481
-42.400000,0.363702,-0.297743
-41.870000,-0.201326,1.083267
-38.100000,-1.359488,-0.127360
-7.470000,-0.871061,-0.357635
-44.400000,0.087482,-1.731804
-40.030000,-0.281126,-0.291932
-9.680000,-0.539793,-0.392323
-26.970000,-0.271752,-0.582354
-10.710000,-0.082679,-1.205604
-38.130000,-1.191471,-0.422475
-46.910000,1.338625,-0.305893
-40.310000,0.471822,1.933795
-40.070000,-0.117483,-0.762882
-29.520000,0.155232,0.362920
0.000000,0.195047,1.486145
-38.590000,-1.068908,0.269525
-47.530000,0.133109,-1.125496
-40.640000,0.151252,0.297453
-38.470000,0.022090,-0.179625
-5.020000,-0.881623,-0.504902
-34.950000,0.581888,0.480798
-36.500000,-1.957785,1.035302
-47.950000,-1.114717,0.059720
-34.520000,-0.539844,1.333411
-47.590000,1.146936,0.718033
0.000000,0.385977,0.407452
-22.180000,-0.875301,0.549285
-29.010000,-0.603680,-0.879103
-22.060000,1.612323,-0.091727
-45.210000,0.221711,-0.192764
-32.310000,-1.825110,0.023781
0.000000,0.170239,1.185773
-38.500000,-0.403006,-0.377340
0.000000,-0.873667,0.476001
-36.480000,-0.541127,0.212676
-44.340000,-0.262904,0.152073
-24.060000,0.205353,1.707927
-52.710000,-0.491744,0.858723
-34.440000,-0.754812,0.050828
-39.910000,0.015007,1.297551
-35.850000,1.052302,0.507228
-6.930000,0.198471,0.285607
-53.330000,-0.083635,0.847858
-19.650000,-0.842986,0.147829
-16.180000,-0.881503,-0.466103
-18.280000,0.574067,-0.277004
-43.830000,1.492230,-0.734126
-50.920000,-0.239194,1.093620
-3.910000,-0.272844,-0.692577
-15.610000,-0.510833,-0.405677
-41.030000,0.247160,0.773883
-43.750000,-0.932148,0.556286
-23.710000,-0.553289,-0.937910
-38.700000,-1.229360,0.793794
0.000000,-0.116546,0.352394
-45.020000,0.348560,0.175585
-1.630000,0.338958,1.055904
-28.000000,-0.885402,0.379608
-48.320000,0.538562,0.868726
-17.100000,-0.006170,-0.080475
-0.100000,0.752315,0.964132
-41.170000,-0.129232,0.359853
-40.710000,0.015029,0.228731
-24.980000,-0.329127,1.021758
0.000000,0.079086,-1.192981
-43.850000,0.042764,0.312629
-26.500000,-0.181985,-0.296659
-43.040000,-0.337977,0.117798
-28.500000,1.348247,0.824994
-1.640000,0.796704,1.321640
-44.690000,0.199806,-1.234675
-37.830000,0.012225,0.044180
0.000000,-1.109599,-0.466878
-38.380000,-0.601334,1.540359
-40.900000,-0.700865,-0.750735
-5.780000,0.437521,-0.394617
-39.120000,-0.159384,-0.901358
-25.330000,-0.296534,0.456202
-7.720000,-0.757236,-0.174282
-51.770000,0.501312,-0.061612
-42.030000,0.234271,-0.108542
-25.980000,0.620813,0.934743
-47.670000,-0.274958,2.705007
0.000000,0.241615,-0.160415
-31.420000,-0.179721,0.461577
-29.200000,0.393812,0.929173
-39.220000,0.135834,-0.871677
0.000000,-0.807990,-0.679568
-20.320000,0.463643,0.347089
-40.490000,0.040019,-0.690495
-33.180000,-1.319090,0.919604
-34.100000,1.430017,0.365336
-41.570000,0.332448,-0.309578
-37.720000,0.079718,-0.644409
0.000000,1.134361,-0.451796
-40.570000,0.332181,0.277840
-6.600000,-0.355437,1.173770
-43.900000,-1.500369,0.820887
-19.260000,-0.308218,-1.308101
-32.750000,1.023001,0.080525
-37.580000,0.242523,0.118167
0.000000,0.269345,-1.005211
0.000000,-0.219316,-0.660143
-25.460000,-0.721977,-0.818576
-49.440000,-1.323125,0.268350
-40.490000,1.596794,0.017693
-43.180000,0.515608,0.281400
-28.290000,-0.054587,0.437210
-5.310000,1.116208,0.406653
-40.060000,-0.905162,-1.346469
0.000000,0.401001,0.383761
-42.400000,-0.890502,0.783062
-35.180000,1.082035,0.482781
-21.890000,-0.881518,-0.217826
-38.010000,-0.080146,0.969956
-38.430000,-0.055924,-1.347756
-9.200000,0.427040,0.129484
-44.660000,-0.650535,-0.592005
-45.150000,-0.585471,-1.409681
0.000000,-0.832012,0.570023
-13.170000,0.039329,0.761533
-35.030000,0.815526,-0.706301
-36.900000,0.414771,0.061480
-4.280000,0.103870,-0.364001
-40.720000,-0.190517,-0.236882
-41.690000,-0.972228,-0.160447
-21.010000,0.247037,-0.554449
-32.010000,-0.112931,-1.253283
-1.400000,0.416639,1.061274
-41.070000,1.032972,-0.894198
-40.270000,0.841289,0.639790
-3.860000,-0.225172,-1.174737
-43.880000,-0.031118,0.029458
-42.800000,-0.957897,0.162283
0.000000,0.114927,-0.614094
-32.500000,-0.096724,0.239583
-39.520000,-1.455530,-0.677934
-36.730000,-0.584563,-0.034639
-42.040000,0.956222,-0.241118
-34.030000,0.291808,1.065872
0.000000,0.286192,0.056346
-2.380000,1.324315,0.474420
-0.970000,-0.878377,-0.754373
-19.130000,-0.871078,-0.636160
-43.690000,0.125100,-1.020773
-36.430000,-0.591409,-1.264906
-34.070000,0.662595,0.915110
0.000000,0.141856,0.146064
-30.150000,0.745788,-0.181295
-3.790000,-0.953370,0.736702
-33.320000,-0.151771,0.295047
-34.400000,0.648653,0.078578
-37.800000,0.001631,0.046489
-42.870000,-1.637280,0.113257
0.000000,0.116480,-0.089826
-0.460000,1.892904,0.216880
0.000000,-1.116684,0.239577
-41.910000,1.008381,0.768084
-44.190000,0.297874,1.043394
-48.210000,0.886048,0.488055
-49.030000,-0.467153,0.856393
0.000000,0.976502,0.281575
-38.550000,-0.160791,0.526234
-45.550000,0.316546,0.421884
-51.970000,-1.182588,0.395754
0.000000,-0.264853,0.991122
-36.550000,-0.784688,-0.059547
-32.790000,-0.993957,0.532683
-40.070000,-0.969722,-0.241772
-28.410000,0.034687,-0.822919
-39.940000,-0.655747,-1.202888
-11.700000,-0.587142,0.261207
0.000000,0.587610,0.509064
-41.310000,0.483562,0.346355
-38.220000,-0.414430,1.190945
-27.010000,-0.374715,-0.148620
-37.870000,1.043639,0.859943
0.000000,-0.045156,0.252712
-6.910000,-0.339167,0.566917
-18.950000,-0.749815,0.881232
-26.080000,-0.050476,-0.376222
-28.650000,-0.100092,0.017747
-43.460000,-0.152017,-1.114506
-1.660000,-1.187903,1.098285
-32.930000,-0.195842,-0.065862
-47.780000,0.239626,-0.348606
-39.930000,-1.090578,0.097842
-19.940000,1.376203,-0.819020
-33.070000,1.092659,0.403135
-46.210000,0.165065,-1.439029
0.000000,0.083185,-1.388267
-40.650000,0.908643,-0.157067
-5.270000,-0.652497,0.911813
-41.910000,0.880187,-0.112176
-43.230000,0.357624,1.261238
-40.780000,0.063262,0.755864
-10.700000,1.414345,1.212313
-37.670000,-0.358579,-0.660723
-47.860000,1.622223,-0.736382
-34.770000,-0.680067,0.494900
-12.380000,-0.321170,0.228242
-22.950000,-0.050050,-0.396316
-37.160000,-0.427249,0.563582
-40.360000,-0.863139,-0.349357
0.000000,0.068454,-1.427901
-40.240000,-1.640056,-0.006079
-25.690000,1.401910,-0.470612
-2.110000,0.731671,0.192595
-33.440000,0.550133,0.825125
-41.300000,-0.239066,-0.652547
-45.800000,0.602972,0.309978
-40.470000,0.133272,-0.715806
-40.920000,0.343843,0.677285
-47.100000,-0.913123,0.399369
-38.140000,-0.183726,-0.458514
-21.260000,0.329426,-0.064681
-41.370000,0.314876,-0.078330
0.000000,-0.465465,0.015626
-22.460000,-0.491755,0.838337
-45.190000,-0.879864,0.018726
-33.150000,0.366379,0.687918
-37.710000,0.063495,1.437140
0.000000,-1.196726,0.667633
-35.040000,-1.324940,-0.206108
-46.280000,0.224814,-0.489407
-9.810000,0.769068,-1.235800
-0.660000,-0.109109,0.118145
-0.650000,-0.302617,-1.107282
-36.300000,1.222487,0.557662
-49.330000,-0.561037,0.471173
0.000000,0.580179,0.544266
-41.460000,0.279680,-0.014206
-32.520000,0.579561,0.318629
-38.540000,-1.124187,-0.850251
-27.030000,1.397989,-0.597608
-47.570000,-1.037968,0.582147
-7.320000,-0.054012,-0.329420
-49.590000,-0.462489,-1.808006
-25.850000,0.731748,0.129853
-41.220000,0.408186,0.906555
0.000000,1.021151,0.150591
-41.330000,-1.907242,0.705905
-33.560000,-0.876609,0.403718
-44.610000,0.500205,-0.907976
-38.330000,0.915583,0.364520
-46.460000,-0.106684,-0.681609
-3.730000,-0.779336,1.114044
-14.650000,-0.377173,-0.451425
0.000000,-0.483982,-0.154413
-2.510000,-0.781239,1.016179
-31.890000,-0.121013,1.237818
-41.350000,-0.079264,-0.170277
-35.830000,0.041153,0.082638
-15.130000,0.161741,-1.199676
-37.960000,0.523350,0.463820
-41.030000,-0.003368,-0.296435
-5.500000,-0.762611,-0.755009
0.000000,-0.028910,-0.849898
-0.190000,0.874201,0.932257
0.000000,0.639782,-0.897603
-44.720000,-0.419459,-0.450943
-0.340000,-0.741768,0.412149
-15.960000,-0.326037,1.755084
-31.830000,0.517100,0.552713
-42.980000,-1.493278,0.295820
0.000000,-0.655682,0.953568
-42.870000,-0.246725,0.551281
-39.620000,-0.526840,0.074927
-25.930000,0.464855,0.965206
0.000000,-0.775230,0.288960
-46.740000,0.303471,-0.020177
-38.120000,0.394376,-1.468036
-9.930000,0.043933,-0.479564
-40.940000,-0.639532,-0.515796
-39.920000,-0.584372,-0.058800
-27.680000,-1.075728,-0.223005
-7.940000,-0.125368,0.111540
0.000000,0.495063,0.768058
-44.070000,0.771373,0.316210
-49.770000,0.948687,0.603922
-8.520000,-0.193272,1.702372
-30.280000,0.839599,-1.419137
-45.540000,1.157362,-0.722220
-44.940000,1.159373,-0.292746
-16.390000,-0.807243,0.798290
-31.420000,-0.729524,-1.043132
-41.240000,-0.364489,0.508150
-50.840000,-0.481306,-0.628159
-16.420000,0.098004,0.890644
-40.420000,2.033144,0.742303
-25.590000,-0.062570,0.944577
-47.620000,-0.377010,-0.466048
-34.520000,-0.602579,-0.067681
0.000000,-0.048167,-0.958450
0.000000,-0.937205,0.785609
-40.910000,-0.157132,-0.397744
0.000000,-0.699439,0.508315
-40.510000,0.375539,1.141308
-36.160000,-0.277079,0.500014
-9.050000,-1.127050,-0.644511
-1.120000,0.060531,0.008513
-10.170000,0.384027,0.686871
-41.600000,0.263149,-0.621987
-40.320000,-1.435254,0.078545
-42.710000,-0.232949,0.083016
0.000000,-0.251971,-0.718148
-5.540000,0.045392,-0.012997
-50.450000,-0.628147,-0.806757
-40.120000,-0.456202,0.382816
-34.790000,0.391297,-0.714641
-40.530000,0.756754,0.662298
-39.010000,-0.284913,-0.759075
-45.260000,0.661622,-0.255935
-7.450000,1.085258,-0.468347
