 The sequence   : AAAAAAAAAA
 sequence length:  10
 No. of atoms   : 103
           1           5           6  1056981120
           5          11          12  1056981120
          13          15          16  1056981120
          15          21          22  1056981120
          23          25          26  1056981120
          25          31          32  1056981120
          33          35          36  1056981120
          35          41          42  1056981120
          43          45          46  1056981120
          45          51          52  1056981120
          53          55          56  1056981120
          55          61          62  1056981120
          63          65          66  1056981120
          65          71          72  1056981120
          73          75          76  1056981120
          75          81          82  1056981120
          83          85          86  1056981120
          85          91          92  1056981120
          93          95          96  1056981120
          95         101         102  1056981120
 No. of Hydrogen bond pairs         =           81
