Randomised Sobol sequence generated

Discrepancy: 0.09753815549770817
[[126.5638344   78.7055563   69.98986362  40.68842093  38.9488731
  126.03861244 140.93247402  35.10919048  94.18104451 101.68076076]
 [ 63.45641183 136.49806101 158.83053895 131.64825797 102.51203047
   74.13539819   7.36966414 156.49247797   1.79123869  48.04865476]
 [ 42.14616029  27.64591573  24.90215991  84.26868411 145.57933342
   38.39427726  99.88603201 120.61196432  51.84729891  29.14924376]
 [150.33495035  97.46846046 113.21547037 172.43267365  74.27983599
  166.4331273   53.51337617  48.48962333 145.38045533 178.41183823]
 [179.31774644  22.02747725 155.39413853 150.23562614  47.07155485
   98.70767673 117.13169854  99.80768368  78.49486727  79.59922744]
 [ 12.10731413 125.5882501   67.10346591  61.38756735 160.56961874
   60.67958873  70.67124328  69.29403272 163.73326046 116.70809979]
 [ 79.42866191  61.82476893 111.00953836 109.45788514 131.21299613
    6.83884358 158.17788843  16.58242716 115.25852272 141.23214601]
 [111.64493071 175.87749587  22.19154378  17.7813605   19.82644329
  148.7753075   24.52709673 175.01919838  25.71408972  19.74278519]
 [ 91.58882076  36.18645966  93.25559355  46.45662339  99.33098188
  173.5394007  132.26399593 104.15349327  79.8348533  165.72203614]
 [ 76.28291421 111.60369577   4.78922853 135.68063267  30.87957837
   31.55643934  88.63526138  86.74479235 173.64052249  44.62822136]
 [  9.63216025  87.03735061 137.99174415   8.49567393  82.38173028
   80.91542915 176.11993387  10.0374422  133.43368331  57.90261559]
 [159.99746164 150.49048612  49.349619   100.5048877  148.7270958
  118.99006018  39.68136678 158.36093495  41.29716352  94.61593252]
 [141.51933331  47.66747547  40.89828216 122.62797665 174.95640082
  141.97864551 148.27820867  28.29291617 109.58765578   7.09829701]
 [ 27.75738498 167.35901009 129.56308806  31.29699564  66.43442944
   13.89295472  11.92761267 140.10541806  20.14287254 156.66855628]
 [ 49.71608872   8.0569393   86.33757921 157.76370171   0.51813019
   53.58981494 104.42200787 125.40488742  61.58084499 126.51948391]
 [118.50584619 117.23456863 174.82658207  69.27320285 116.7709659
  105.53991554  60.88108348  65.49352694 146.89416803  72.5797225 ]
 [116.84495732   3.47038535   9.48615823 102.84785394  68.93272256
   19.87465331   5.33747407 132.13149263 177.94331901 120.86286871]
 [ 50.67522453 118.91940292 100.59950178  11.69042392 138.26848291
  139.51192752 138.87701981  59.47013291  86.08132901  89.42318777]
 [ 29.43646995  53.66208455  54.57423745 154.87078976 108.56320566
  108.01637465  46.3836653   23.58833179  34.70697379  12.69174619]
 [140.54474797 158.64112068 146.21490296  66.55280923  42.73973398
   47.59571314  92.73287192 145.5133846  128.06216028 139.76191426]
 [166.75622134  81.79221913 126.53504927  88.72814158  16.60930691
   24.8929554   74.13294816   5.60191557  16.35436177  52.24333428]
 [  2.16890361 153.0096765   34.87307629 177.77379334 124.58740979
  175.28036658 120.57013661 163.49967208 101.41512835 111.45657074]
 [ 69.50664505  42.84085326 170.91998203  33.90268357 168.70683638
  117.23669244  33.08650481 110.78677906 154.02061818 171.31264754]
 [ 99.06684028 102.05024326  79.78537392 125.73319919  51.59161448
   87.58865554 166.71384998  80.81488939  65.00434432  27.71892395]
 [101.55752951  62.20253326 164.76768421 164.20619141 151.98546376
   63.13470818  81.48417933  21.19373403   6.62356764 146.80355815]
 [ 88.81431274 172.77645389  73.281409    75.53168094  88.96608504
   92.73620205 125.13358165 169.70468033  99.9041676    2.8142778 ]
 [ 22.23488409  11.80210322 120.03117956 117.8142852   22.69565877
  154.73429315  37.62797719  92.99861765 138.61675886  73.92070396]
 [169.89467343 132.91190179  28.72070739  26.31028159  94.85762419
    4.39337941 174.0870538   75.39971659  46.65546242 133.52948511]
 [154.27022237  28.68363356  59.67183502   4.20925112 122.16478262
   72.36069079  20.46427628 114.06114137 159.77089964  34.71798979]
 [ 37.50638863  93.53168104 150.96104264  94.99073334   7.78227741
  132.73446595 156.83554273  54.33723578  70.50099643 161.48050379]
 [ 59.48165769  67.82177908  14.23222683  53.42638174  60.34202401
  159.74693041  64.32021556  39.63799261  33.36972898  95.9993995 ]
 [131.24034159 144.65589982 105.69719458 141.41167045 171.20677019
   40.15649697 107.88164679 151.26029301 118.15763947  64.86738469]]
Shifted
[[ -27.7861656   -75.6444437   -84.36013638 -113.66157907 -115.4011269
   -28.31138756  -13.41752598 -119.24080952  -60.16895549  -52.66923924]
 [ -10.16358817   62.87806101   85.21053895   58.02825797   28.89203047
     0.51539819  -66.25033586   82.87247797  -71.82876131  -25.57134524]
 [ -93.32383971 -107.82408427 -110.56784009  -51.20131589   10.10933342
   -97.07572274  -35.58396799  -14.85803568  -83.62270109 -106.32075624]
 [  92.53495035   39.66846046   55.41547037  114.63267365   16.47983599
   108.6331273    -4.28662383   -9.31037667   87.58045533  120.61183823]
 [ 165.51774644    8.22747725  141.59413853  136.43562614   33.27155485
    84.90767673  103.33169854   86.00768368   64.69486727   65.79922744]
 [ -92.75268587   20.7282501   -37.75653409  -43.47243265   55.70961874
   -44.18041127  -34.18875672  -35.56596728   58.87326046   11.84809979]
 [  69.11866191   51.51476893  100.69953836   99.14788514  120.90299613
    -3.47115642  147.86788843    6.27242716  104.94852272  130.92214601]
 [   9.42493071   73.65749587  -80.02845622  -84.4386395   -82.39355671
    46.5553075   -77.69290327   72.79919838  -76.50591028  -82.47721481]
 [  75.79882076   20.39645966   77.46559355   30.66662339   83.54098188
   157.7494007   116.47399593   88.36349327   64.0448533   149.93203614]
 [  47.08291421   82.40369577  -24.41077147  106.48063267    1.67957837
     2.35643934   59.43526138   57.54479235  144.44052249   15.42822136]
 [-112.43783975  -35.03264939   15.92174415 -113.57432607  -39.68826972
   -41.15457085   54.04993387 -112.0325578    11.36368331  -64.16738441]
 [   7.33746164   -2.16951388 -103.310381    -52.1551123    -3.9329042
   -33.66993982 -112.97863322    5.70093495 -111.36283648  -58.04406748]
 [  26.17933331  -67.67252453  -74.44171784    7.28797665   59.61640082
    26.63864551   32.93820867  -87.04708383   -5.75234422 -108.24170299]
 [ -22.20261502  117.39901009   79.60308806  -18.66300436   16.47442944
   -36.06704528  -38.03238733   90.14541806  -29.81712746  106.70855628]
 [ -12.39391128  -54.0530607    24.22757921   95.65370171  -61.59186981
    -8.52018506   42.31200787   63.29488742   -0.52915501   64.40948391]
 [  30.22584619   28.95456863   86.54658207  -19.00679715   28.4909659
    17.25991554  -27.39891652  -22.78647306   58.61416803  -15.7002775 ]
 [  68.01495732  -45.35961465  -39.34384177   54.01785394   20.10272256
   -28.95534669  -43.49252593   83.30149263  129.11331901   72.03286871]
 [-122.91477547  -54.67059708  -72.99049822 -161.89957608  -35.32151709
   -34.07807248  -34.71298019 -114.11986709  -87.50867099  -84.16681223]
 [ -63.86353005  -39.63791545  -38.72576255   61.57078976   15.26320566
    14.71637465  -46.9163347   -69.71166821  -58.59302621  -80.60825381]
 [ 118.29474797  136.39112068  123.96490296   44.30280923   20.48973398
    25.34571314   70.48287192  123.2633846   105.81216028  117.51191426]
 [  -6.94377866  -91.90778087  -47.16495073  -84.97185842 -157.09069309
  -148.8070446   -99.56705184 -168.09808443 -157.34563823 -121.45666572]
 [-145.02109639    5.8196765  -112.31692371   30.58379334  -22.60259021
    28.09036658  -26.61986339   16.30967208  -45.77487165  -35.73342926]
 [ -40.57335495  -67.23914674   60.83998203  -76.17731643   58.62683638
     7.15669244  -76.99349519    0.70677906   43.94061818   61.23264754]
 [  98.37684028  101.36024326   79.09537392  125.04319919   50.90161448
    86.89865554  166.02384998   80.12488939   64.31434432   27.02892395]
 [  43.06752951    3.71253326  106.27768421  105.71619141   93.49546376
     4.64470818   22.99417933  -37.29626597  -51.86643236   88.31355815]
 [ -23.61568726   60.34645389  -39.148591    -36.89831906  -23.46391496
   -19.69379795   12.70358165   57.27468033  -12.5258324  -109.6157222 ]
 [   2.19488409   -8.23789678   99.99117956   97.7742852     2.65565877
   134.69429315   17.58797719   72.95861765  118.57675886   53.88070396]
 [  99.25467343   62.27190179  -41.91929261  -44.32971841   24.21762419
   -66.24662059  103.4470538     4.75971659  -23.98453758   62.88948511]
 [  -3.39977763 -128.98636644  -97.99816498 -153.46074888  -35.50521738
   -85.30930921 -137.20572372  -43.60885863    2.10089964 -122.95201021]
 [-117.35361137  -61.32831896   -3.89895736  -59.86926666 -147.07772259
   -22.12553405    1.97554273 -100.52276422  -84.35900357    6.62050379]
 [-106.10834231  -97.76822092 -151.35777317 -112.16361826 -105.24797599
    -5.84306959 -101.26978444 -125.95200739 -132.22027102  -69.5906005 ]
 [  41.37034159   54.78589982   15.82719458   51.54167045   81.33677019
   -49.71350303   18.01164679   61.39029301   28.28763947  -25.00261531]]
