   1   0.1260  1.000  0.020 3.0 2.0
     2   3   8  10  14 103  12  13
   1  -0.4630  1.850  0.120 3.0 2.0
     2   3   8  10  14 103  12  13
   4   0.1260  1.000  0.020 2.0 3.0
     8  10  12 103  11   6   7
   5   0.0350  1.800  0.060 2.0 0.0
     8  10  16 103
   6   0.0480  1.375  0.038 2.0 2.0
     8  10  14 103  12  13
   7  -0.0980  1.800  0.060 2.0 2.0
     8  10  14 103  12  13
  11   0.6160  1.850  0.120 2.0 3.0
    18  20  22 103  21  16  17
  12  -0.5040  1.600  0.200 1.0 0.0
    16 103
  13  -0.4630  1.750  0.160 2.0 2.0
    18  20  24 103  22  23
  14   0.1260  1.000  0.020 2.0 3.0
    18  20  22 103  21  16  17
  15   0.0350  1.800  0.060 2.0 0.0
    18  20  26 103
  16   0.0480  1.375  0.038 2.0 2.0
    18  20  24 103  22  23
  17  -0.0980  1.800  0.060 2.0 2.0
    18  20  24 103  22  23
  21   0.6160  1.850  0.120 2.0 3.0
    28  30  32 103  31  26  27
  22  -0.5040  1.600  0.200 1.0 0.0
    26 103
  23  -0.4630  1.750  0.160 2.0 2.0
    28  30  34 103  32  33
  24   0.1260  1.000  0.020 2.0 3.0
    28  30  32 103  31  26  27
  25   0.0350  1.800  0.060 2.0 0.0
    28  30  36 103
  26   0.0480  1.375  0.038 2.0 2.0
    28  30  34 103  32  33
  27  -0.0980  1.800  0.060 2.0 2.0
    28  30  34 103  32  33
  31   0.6160  1.850  0.120 2.0 3.0
    38  40  42 103  41  36  37
  32  -0.5040  1.600  0.200 1.0 0.0
    36 103
  33  -0.4630  1.750  0.160 2.0 2.0
    38  40  44 103  42  43
  34   0.1260  1.000  0.020 2.0 3.0
    38  40  42 103  41  36  37
  35   0.0350  1.800  0.060 2.0 0.0
    38  40  46 103
  36   0.0480  1.375  0.038 2.0 2.0
    38  40  44 103  42  43
  37  -0.0980  1.800  0.060 2.0 2.0
    38  40  44 103  42  43
  41   0.6160  1.850  0.120 2.0 3.0
    48  50  52 103  51  46  47
  42  -0.5040  1.600  0.200 1.0 0.0
    46 103
  43  -0.4630  1.750  0.160 2.0 2.0
    48  50  54 103  52  53
  44   0.1260  1.000  0.020 2.0 3.0
    48  50  52 103  51  46  47
  45   0.0350  1.800  0.060 2.0 0.0
    48  50  56 103
  46   0.0480  1.375  0.038 2.0 2.0
    48  50  54 103  52  53
  47  -0.0980  1.800  0.060 2.0 2.0
    48  50  54 103  52  53
  51   0.6160  1.850  0.120 2.0 3.0
    58  60  62 103  61  56  57
  52  -0.5040  1.600  0.200 1.0 0.0
    56 103
  53  -0.4630  1.750  0.160 2.0 2.0
    58  60  64 103  62  63
  54   0.1260  1.000  0.020 2.0 3.0
    58  60  62 103  61  56  57
  55   0.0350  1.800  0.060 2.0 0.0
    58  60  66 103
  56   0.0480  1.375  0.038 2.0 2.0
    58  60  64 103  62  63
  57  -0.0980  1.800  0.060 2.0 2.0
    58  60  64 103  62  63
  61   0.6160  1.850  0.120 2.0 3.0
    68  70  72 103  71  66  67
  62  -0.5040  1.600  0.200 1.0 0.0
    66 103
  63  -0.4630  1.750  0.160 2.0 2.0
    68  70  74 103  72  73
  64   0.1260  1.000  0.020 2.0 3.0
    68  70  72 103  71  66  67
  65   0.0350  1.800  0.060 2.0 0.0
    68  70  76 103
  66   0.0480  1.375  0.038 2.0 2.0
    68  70  74 103  72  73
  67  -0.0980  1.800  0.060 2.0 2.0
    68  70  74 103  72  73
  71   0.6160  1.850  0.120 2.0 3.0
    78  80  82 103  81  76  77
  72  -0.5040  1.600  0.200 1.0 0.0
    76 103
  73  -0.4630  1.750  0.160 2.0 2.0
    78  80  84 103  82  83
  74   0.1260  1.000  0.020 2.0 3.0
    78  80  82 103  81  76  77
  75   0.0350  1.800  0.060 2.0 0.0
    78  80  86 103
  76   0.0480  1.375  0.038 2.0 2.0
    78  80  84 103  82  83
  77  -0.0980  1.800  0.060 2.0 2.0
    78  80  84 103  82  83
  81   0.6160  1.850  0.120 2.0 3.0
    88  90  92 103  91  86  87
  82  -0.5040  1.600  0.200 1.0 0.0
    86 103
  83  -0.4630  1.750  0.160 2.0 2.0
    88  90  94 103  92  93
  84   0.1260  1.000  0.020 2.0 3.0
    88  90  92 103  91  86  87
  85   0.0350  1.800  0.060 2.0 0.0
    88  90  96 103
  86   0.0480  1.375  0.038 2.0 2.0
    88  90  94 103  92  93
  87  -0.0980  1.800  0.060 2.0 2.0
    88  90  94 103  92  93
  91   0.6160  1.850  0.120 2.0 3.0
    98 100 102 103 101  96  97
  92  -0.5040  1.600  0.200 1.0 0.0
    96 103
  93  -0.4630  1.750  0.160 2.0 1.0
    98 100 103 103 102
  94   0.1260  1.000  0.020 2.0 3.0
    98 100 102 103 101  96  97
  95   0.0350  1.800  0.060 2.0 0.0
    98 100 103 103
  96   0.0480  1.375  0.038 2.0 1.0
    98 100 103 103 102
  97  -0.0980  1.800  0.060 2.0 1.0
    98 100 103 103 102
 101   0.6160  1.850  0.120 1.0 0.0
   103 103
 102  -0.5040  1.600  0.200 1.0 0.0
   103 103
   1   5   6****
   5  11  12****
  13  15  16****
  15  21  22****
  23  25  26****
  25  31  32****
  33  35  36****
  35  41  42****
  43  45  46****
  45  51  52****
  53  55  56****
  55  61  62****
  63  65  66****
  65  71  72****
  73  75  76****
  75  81  82****
  83  85  86****
  85  91  92****
  93  95  96****
  95 101 102****
   4  22  7557  2385
   4  32  7557  2385
   4  42  7557  2385
   4  52  7557  2385
   4  62  7557  2385
   4  72  7557  2385
   4  82  7557  2385
   4  92  7557  2385
   4 102  7557  2385
  12  24  7557  2385
  12  34  7557  2385
  12  44  7557  2385
  12  54  7557  2385
  12  64  7557  2385
  12  74  7557  2385
  12  84  7557  2385
  12  94  7557  2385
  14  32  7557  2385
  14  42  7557  2385
  14  52  7557  2385
  14  62  7557  2385
  14  72  7557  2385
  14  82  7557  2385
  14  92  7557  2385
  14 102  7557  2385
  22  34  7557  2385
  22  44  7557  2385
  22  54  7557  2385
  22  64  7557  2385
  22  74  7557  2385
  22  84  7557  2385
  22  94  7557  2385
  24  42  7557  2385
  24  52  7557  2385
  24  62  7557  2385
  24  72  7557  2385
  24  82  7557  2385
  24  92  7557  2385
  24 102  7557  2385
  32  44  7557  2385
  32  54  7557  2385
  32  64  7557  2385
  32  74  7557  2385
  32  84  7557  2385
  32  94  7557  2385
  34  52  7557  2385
  34  62  7557  2385
  34  72  7557  2385
  34  82  7557  2385
  34  92  7557  2385
  34 102  7557  2385
  42  54  7557  2385
  42  64  7557  2385
  42  74  7557  2385
  42  84  7557  2385
  42  94  7557  2385
  44  62  7557  2385
  44  72  7557  2385
  44  82  7557  2385
  44  92  7557  2385
  44 102  7557  2385
  52  64  7557  2385
  52  74  7557  2385
  52  84  7557  2385
  52  94  7557  2385
  54  72  7557  2385
  54  82  7557  2385
  54  92  7557  2385
  54 102  7557  2385
  62  74  7557  2385
  62  84  7557  2385
  62  94  7557  2385
  64  82  7557  2385
  64  92  7557  2385
  64 102  7557  2385
  72  84  7557  2385
  72  94  7557  2385
  74  92  7557  2385
  74 102  7557  2385
  82  94  7557  2385
  84 102  7557  2385
